-46.2811,-47.7321,3,0.436332,-46.3023,-47.7691,2.96527,0.428058
-46.4019,-47.5,3,0.523599,-46.4327,-47.534,2.95636,0.518852
-46.5425,-47.2793,3,0.610865,-46.5682,-47.3065,2.96331,0.608299
-46.7019,-47.0716,3,0.698132,-46.7451,-47.0916,2.95404,0.702354
-46.8787,-46.8787,3,0.785398,-46.9229,-46.8945,2.95758,0.79219
-47.0716,-46.7019,3,0.872665,-47.124,-46.7127,2.95819,0.883875
-47.2793,-46.5425,3,0.959931,-47.3213,-46.5535,2.96705,0.969413
-47.5,-46.4019,3,1.0472,-47.5602,-46.4065,2.96634,1.064
-47.7321,-46.2811,3,1.13446,-47.7864,-46.285,2.9739,1.15043
-47.9739,-46.1809,3,1.22173,-48.0362,-46.1816,2.97859,1.2413
-45.2412,-47.6319,4,0.349066,-45.2438,-47.6645,3.98653,0.341613
-45.3748,-47.3095,4,0.436332,-45.3838,-47.3407,3.9787,0.430184
-45.5359,-47,4,0.523599,-45.5382,-47.0221,3.98701,0.519073
-45.7234,-46.7057,4,0.610865,-45.7299,-46.7265,3.98271,0.607522
-45.9358,-46.4288,4,0.698132,-45.9435,-46.4414,3.98605,0.696962
-46.1716,-46.1716,4,0.785398,-46.1924,-46.1924,3.97048,0.785398
-46.4288,-45.9358,4,0.872665,-46.4426,-45.9423,3.9862,0.874253
-46.7057,-45.7234,4,0.959931,-46.7265,-45.7299,3.98271,0.963274
-47,-45.5359,4,1.0472,-47.0233,-45.537,3.98745,1.05213
-47.3095,-45.3748,4,1.13446,-47.3419,-45.3827,3.97926,1.14099
-47.6319,-45.2412,4,1.22173,-47.6656,-45.2427,3.98719,1.22953
-44.3015,-47.2899,5,0.349066,-44.3089,-47.3319,4.97882,0.34164
-44.4685,-46.8869,5,0.436332,-44.4733,-46.9225,4.98063,0.430267
-44.6699,-46.5,5,0.523599,-44.666,-46.5192,4.99383,0.519884
-44.9042,-46.1321,5,0.610865,-44.9125,-46.1619,4.97617,0.60692
-45.1698,-45.7861,5,0.698132,-45.181,-45.8367,4.95899,0.691765
-45.4645,-45.4645,5,0.785398,-45.4761,-45.4838,4.97811,0.784306
-45.7861,-45.1698,5,0.872665,-45.7959,-45.2217,4.95393,0.867447
-46.1321,-44.9042,5,0.959931,-46.1499,-44.9245,4.97319,0.960527
-46.5,-44.6699,5,1.0472,-46.5192,-44.666,4.99383,1.05091
-46.8869,-44.4685,5,1.13446,-46.9126,-44.4833,4.97574,1.13788
-47.2899,-44.3015,5,1.22173,-47.3127,-44.3281,4.96723,1.22422
-43.3618,-46.9479,6,0.349066,-43.3467,-46.9757,6.00476,0.343856
-43.5622,-46.4643,6,0.436332,-43.5483,-46.4841,6.00423,0.432359
-43.8038,-46,6,0.523599,-43.8292,-46.0495,5.95335,0.518529
-44.0851,-45.5585,6,0.610865,-44.1108,-45.6079,5.95065,0.606553
-44.4037,-45.1433,6,0.698132,-44.4042,-45.148,5.99666,0.697576
-44.7574,-44.7574,6,0.785398,-44.7708,-44.7813,5.97354,0.784153
-45.1433,-44.4037,6,0.872665,-45.1517,-44.4005,5.99712,0.874086
-45.5585,-44.0851,6,0.959931,-45.5772,-44.1415,5.94308,0.957061
-46,-43.8038,6,1.0472,-46.0141,-43.8646,5.94036,1.04415
-46.4643,-43.5622,6,1.13446,-46.4824,-43.55,6.00338,1.13805
-46.9479,-43.3618,6,1.22173,-46.9723,-43.3501,6.00275,1.22623
-42.4221,-46.6059,7,0.349066,-42.4576,-46.6459,6.95302,0.345406
-42.6558,-46.0417,7,0.436332,-42.6449,-46.0626,7.00112,0.432969
-42.9378,-45.5,7,0.523599,-42.9604,-45.5351,6.96293,0.520859
-43.2659,-44.985,7,0.610865,-43.2698,-45.0035,6.98623,0.609004
-43.6377,-44.5005,7,0.698132,-43.6436,-44.5145,6.98646,0.697147
-44.0503,-44.0503,7,0.785398,-44.079,-44.079,6.95927,0.785398
-44.5005,-43.6377,7,0.872665,-44.5145,-43.6436,6.98646,0.87365
-44.985,-43.2659,7,0.959931,-45.0013,-43.272,6.9857,0.961353
-45.5,-42.9378,7,1.0472,-45.5226,-42.9729,6.95834,1.04749
-46.0417,-42.6558,7,1.13446,-46.0605,-42.6469,7.00013,1.13745
-46.6059,-42.4221,7,1.22173,-46.6226,-42.4809,6.93904,1.2211
-41.4825,-46.2638,8,0.349066,-41.501,-46.2941,7.97226,0.346299
-41.7495,-45.6191,8,0.436332,-41.7572,-45.6462,7.9816,0.433654
-42.0718,-45,8,0.523599,-42.0908,-45.0339,7.96662,0.521103
-42.4468,-44.4114,8,0.610865,-42.5042,-44.4754,7.91628,0.608406
-42.8716,-43.8577,8,0.698132,-42.9169,-43.9135,7.92945,0.696414
-43.3431,-43.3431,8,0.785398,-43.3386,-43.3386,8.00648,0.785398
-43.8577,-42.8716,8,0.872665,-43.8989,-42.9315,7.92762,0.871791
-44.4114,-42.4468,8,0.959931,-44.4535,-42.526,7.91091,0.958548
-45,-42.0718,8,1.0472,-45.0243,-42.1004,7.9631,1.04805
-45.6191,-41.7495,8,1.13446,-45.6416,-41.7618,7.97934,1.13638
-46.2638,-41.4825,8,1.22173,-46.2874,-41.5077,7.96823,1.22342
-40.5428,-45.9218,9,0.349066,-40.5677,-45.9517,8.9664,0.346882
-40.8432,-45.1964,9,0.436332,-40.9399,-45.2502,8.88967,0.435448
-41.2058,-44.5,9,0.523599,-41.2759,-44.5648,8.90689,0.52123
-41.6276,-43.8378,9,0.610865,-41.6217,-43.8479,8.99907,0.609567
-42.1056,-43.2149,9,0.698132,-42.1771,-43.2925,8.89538,0.696611
-42.636,-42.636,9,0.785398,-42.649,-42.6262,8.99778,0.787192
-43.2149,-42.1056,9,0.872665,-43.276,-42.1936,8.89333,0.87156
-43.8378,-41.6276,9,0.959931,-43.8479,-41.6217,8.99907,0.961229
-44.5,-41.2058,9,1.0472,-44.5435,-41.2972,8.89902,1.0463
-45.1964,-40.8432,9,1.13446,-45.2155,-40.8891,8.95033,1.13423
-45.9218,-40.5428,9,1.22173,-45.9493,-40.5702,8.96488,1.22356
-39.6031,-45.5798,10,0.349066,-39.6549,-45.6204,9.93749,0.347013
-39.9369,-44.7738,10,0.436332,-40.0283,-44.8389,9.88965,0.434274
-40.3397,-44,10,0.523599,-40.3882,-44.0435,9.93631,0.522245
-40.8085,-43.2642,10,0.610865,-40.8761,-43.3265,9.90889,0.609634
-41.3396,-42.5721,10,0.698132,-41.3655,-42.6001,9.96217,0.697651
-41.9289,-41.9289,10,0.785398,-41.9786,-41.987,9.92386,0.7848
-42.5721,-41.3396,10,0.872665,-42.6001,-41.3655,9.96217,0.873145
-43.2642,-40.8085,10,0.959931,-43.3174,-40.8853,9.90663,0.959877
-44,-40.3397,10,1.0472,-44.0374,-40.3942,9.93411,1.04772
-44.7738,-39.9369,10,1.13446,-44.8215,-40.0457,9.88122,1.13419
-45.5798,-39.6031,10,1.22173,-45.6119,-39.6633,9.93244,1.2227
-38.6634,-45.2378,11,0.349066,-38.6984,-45.2671,10.957,0.347646
-39.0306,-44.3512,11,0.436332,-39.0746,-44.3909,10.9433,0.434749
-39.4737,-43.5,11,0.523599,-39.6104,-43.5911,10.8361,0.522621
-39.9893,-42.6907,11,0.610865,-40.133,-42.7947,10.8226,0.610604
-40.5735,-41.9293,11,0.698132,-40.6418,-42.0014,10.9013,0.697093
-41.2218,-41.2218,11,0.785398,-41.3216,-41.3216,10.8589,0.785398
-41.9293,-40.5735,11,0.872665,-41.9914,-40.6519,10.9001,0.872404
-42.6907,-39.9893,11,0.959931,-42.7302,-40.0566,10.9222,0.959361
-43.5,-39.4737,11,1.0472,-43.5781,-39.6235,10.8313,1.04653
-44.3512,-39.0306,11,1.13446,-44.3876,-39.0779,10.9418,1.13565
-45.2378,-38.6634,11,1.22173,-45.2671,-38.6984,10.957,1.22315
-37.7237,-44.8958,12,0.349066,-37.7283,-44.9151,11.9891,0.347684
-38.1243,-43.9286,12,0.436332,-38.1068,-43.9335,12.0137,0.435346
-38.6077,-43,12,0.523599,-38.6702,-43.0502,11.9207,0.522575
-39.1702,-42.1171,12,0.610865,-39.224,-42.1631,11.9295,0.61029
-39.8075,-41.2865,12,0.698132,-39.9644,-41.4227,11.7923,0.697844
-40.5147,-40.5147,12,0.785398,-40.4968,-40.5429,11.9928,0.78268
-41.2865,-39.8075,12,0.872665,-41.4157,-39.9715,11.7914,0.87211
-42.1171,-39.1702,12,0.959931,-42.1631,-39.224,11.9295,0.960506
-43,-38.6077,12,1.0472,-43.0466,-38.6738,11.9194,1.04781
-43.9286,-38.1243,12,1.13446,-43.937,-38.1033,12.0155,1.13584
-44.8958,-37.7237,12,1.22173,-44.9151,-37.7283,11.9891,1.22311
-36.784,-44.5537,13,0.349066,-36.8081,-44.579,12.9687,0.34787
-37.218,-43.506,13,0.436332,-37.4318,-43.6079,12.7631,0.436174
-37.7417,-42.5,13,0.523599,-37.7726,-42.5259,12.9603,0.523063
-38.351,-41.5435,13,0.610865,-38.352,-41.5507,12.9951,0.610459
-39.0414,-40.6438,13,0.698132,-39.1555,-40.7471,12.8462,0.69768
-39.8076,-39.8076,13,0.785398,-39.9297,-39.973,12.7968,0.783006
-40.6438,-39.0414,13,0.872665,-40.7387,-39.1638,12.8452,0.872202
-41.5435,-38.351,13,0.959931,-41.5543,-38.3482,12.9961,0.960735
-42.5,-37.7417,13,1.0472,-42.53,-37.7685,12.9618,1.04817
-43.506,-37.218,13,1.13446,-43.5515,-37.309,12.8983,1.13468
-44.5537,-36.784,13,1.22173,-44.579,-36.8081,12.9687,1.22293
-35.8443,-44.2117,14,0.349066,-36.0126,-44.2859,13.8165,0.348184
-36.3117,-43.0833,14,0.436332,-36.3648,-43.1235,13.9349,0.435332
-36.8756,-42,14,0.523599,-36.9806,-42.0738,13.8722,0.522777
-37.5319,-40.9699,14,0.610865,-37.5877,-41.0115,13.9305,0.61072
-38.2754,-40.001,14,0.698132,-38.4452,-40.154,13.7716,0.697548
-39.1005,-39.1005,14,0.785398,-39.2741,-39.3251,13.7185,0.782769
-40.001,-38.2754,14,0.872665,-40.1407,-38.4584,13.77,0.871894
-40.9699,-37.5319,14,0.959931,-41.0158,-37.5834,13.9315,0.960507
-42,-36.8756,14,1.0472,-42.0738,-36.9806,13.8722,1.04802
-43.0833,-36.3117,14,1.13446,-43.1235,-36.3648,13.9349,1.13546
-44.2117,-35.8443,14,1.22173,-44.278,-36.0205,13.8118,1.22188
-34.9046,-43.8697,15,0.349066,-35.1035,-43.9507,14.7854,0.348518
-35.4054,-42.6607,15,0.436332,-35.4322,-42.689,14.9638,0.435378
-36.0096,-41.5,15,0.523599,-36.076,-41.5428,14.9212,0.523341
-36.7127,-40.3964,15,0.610865,-36.7026,-40.3872,15.0136,0.610979
-37.5093,-39.3582,15,0.698132,-37.6282,-39.4615,14.8425,0.697948
-38.3934,-38.3934,15,0.785398,-38.5258,-38.564,14.7858,0.783571
-39.3582,-37.5093,15,0.872665,-39.4615,-37.6282,14.8425,0.872848
-40.3964,-36.7127,15,0.959931,-40.3965,-36.6933,15.0158,0.96068
-41.5,-36.0096,15,1.0472,-41.5472,-36.0715,14.9228,1.04786
-42.6607,-35.4054,15,1.13446,-42.6845,-35.4366,14.9616,1.13503
-43.8697,-34.9046,15,1.22173,-43.9466,-35.1077,14.7829,1.22192
-33.9649,-43.5277,16,0.349066,-34.0499,-43.5687,15.9061,0.348468
-34.4991,-42.2381,16,0.436332,-34.7302,-42.3596,15.7392,0.435543
-35.1436,-41,16,0.523599,-35.3852,-41.147,15.7173,0.523181
-35.8936,-39.8228,16,0.610865,-36.0225,-39.9213,15.8379,0.610439
-36.7433,-38.7154,16,0.698132,-36.9997,-38.9441,15.6566,0.69747
-37.6863,-37.6863,16,0.785398,-37.6874,-37.6343,16.036,0.78774
-38.7154,-36.7433,16,0.872665,-38.9297,-37.0141,15.6548,0.872029
-39.8228,-35.8936,16,0.959931,-39.9213,-36.0225,15.8379,0.960358
-41,-35.1436,16,1.0472,-41.1378,-35.3946,15.7138,1.0468
-42.2381,-34.4991,16,1.13446,-42.3503,-34.7395,15.7347,1.13447
-43.5277,-33.9649,16,1.22173,-43.5687,-34.0499,15.9061,1.22233
-33.0252,-43.1857,17,0.349066,-33.2543,-43.2779,16.7532,0.348571
-33.5928,-41.8155,17,0.436332,-33.7502,-41.8868,16.8271,0.436445
-34.2776,-40.5,17,0.523599,-34.6203,-40.7014,16.6025,0.523413
-35.0744,-39.2492,17,0.610865,-35.2726,-39.3904,16.7567,0.610747
-35.9772,-38.0726,17,0.698132,-35.9323,-38.032,17.0605,0.698263
-36.9792,-36.9792,17,0.785398,-36.9822,-36.9822,16.9958,0.785398
-38.0726,-35.9772,17,0.872665,-38.0367,-35.9276,17.0612,0.872923
-39.2492,-35.0744,17,0.959931,-39.3904,-35.2726,16.7567,0.96005
-40.5,-34.2776,17,1.0472,-40.6964,-34.6253,16.6007,1.04697
-41.8155,-33.5928,17,1.13446,-41.9838,-33.96,16.596,1.1343
-43.1857,-33.0252,17,1.22173,-43.2779,-33.2543,16.7532,1.22223
-32.0855,-42.8436,18,0.349066,-32.3677,-42.9539,17.6972,0.348665
-32.6865,-41.3929,18,0.436332,-33.0785,-41.5843,17.5637,0.435888
-33.4115,-40,18,0.523599,-33.752,-40.2123,17.599,0.522824
-34.2553,-38.6756,18,0.610865,-34.4234,-38.7988,17.7917,0.610614
-35.2112,-37.4298,18,0.698132,-35.5182,-37.7038,17.5888,0.697419
-36.2721,-36.2721,18,0.785398,-36.4166,-36.4166,17.7956,0.785398
-37.4298,-35.2112,18,0.872665,-37.6878,-35.5342,17.5867,0.872098
-38.6756,-34.2553,18,0.959931,-38.7988,-34.4234,17.7917,0.960182
-40,-33.4115,18,1.0472,-40.2014,-33.7629,17.5951,1.04712
-41.3929,-32.6865,18,1.13446,-41.5793,-33.0837,17.5612,1.13453
-42.8436,-32.0855,18,1.22173,-42.9539,-32.3677,17.6972,1.22213
-31.1458,-42.5016,19,0.349066,-31.3682,-42.5962,18.7587,0.348384
-31.7802,-40.9703,19,0.436332,-32.0978,-41.1242,18.6471,0.436046
-32.5455,-39.5,19,0.523599,-32.7887,-39.6433,18.7178,0.523462
-33.4361,-38.102,19,0.610865,-33.4671,-38.1219,18.9632,0.610947
-34.4452,-36.787,19,0.698132,-34.6405,-36.9484,18.7466,0.698238
-35.565,-35.565,19,0.785398,-35.7945,-35.7945,18.6753,0.785398
-36.787,-34.4452,19,0.872665,-36.9543,-34.6346,18.7474,0.873001
-38.102,-33.4361,19,0.959931,-38.1281,-33.461,18.9647,0.960304
-39.5,-32.5455,19,1.0472,-39.6433,-32.7887,18.7178,1.04733
-40.9703,-31.7802,19,1.13446,-41.1189,-32.1032,18.6444,1.13437
-42.5016,-31.1458,19,1.22173,-42.5962,-31.3682,18.7587,1.22241
-30.2061,-42.1596,20,0.349066,-30.2513,-42.1805,19.9505,0.348853
-30.8738,-40.5476,20,0.436332,-30.9863,-40.6027,19.8748,0.43621
-31.6795,-39,20,0.523599,-31.6806,-39.0075,19.9953,0.5233
-32.617,-37.5285,20,0.610865,-32.9361,-37.7521,19.6103,0.610856
-33.6791,-36.1442,20,0.698132,-33.6248,-36.0978,20.0714,0.698165
-34.8579,-34.8579,20,0.785398,-34.8614,-34.8614,19.995,0.785398
-36.1442,-33.6791,20,0.872665,-36.0978,-33.6248,20.0714,0.872632
-37.5285,-32.617,20,0.959931,-37.7521,-32.9361,19.6103,0.95994
-39,-31.6795,20,1.0472,-39.0014,-31.6867,19.9931,1.04708
-40.5476,-30.8738,20,1.13446,-40.6084,-30.9805,19.8777,1.13497
-42.1596,-30.2061,20,1.22173,-42.1805,-30.2513,19.9505,1.22194
-29.2665,-41.8176,21,0.349066,-29.6309,-41.9582,20.6094,0.348702
-29.9675,-40.125,21,0.436332,-30.3638,-40.3244,20.5566,0.435687
-30.8135,-38.5,21,0.523599,-31.0672,-38.6554,20.7025,0.523227
-31.7978,-36.9549,21,0.610865,-31.7568,-36.9292,21.0483,0.61075
-32.9131,-35.5015,21,0.698132,-33.0597,-35.6263,20.8074,0.698067
-34.1508,-34.1508,21,0.785398,-34.343,-34.343,20.7282,0.785398
-35.5015,-32.9131,21,0.872665,-35.6328,-33.0532,20.8083,0.873172
-36.9549,-31.7978,21,0.959931,-36.9292,-31.7568,21.0483,0.960047
-38.5,-30.8135,21,1.0472,-38.6554,-31.0672,20.7025,1.04757
-40.125,-29.9675,21,1.13446,-40.3181,-30.37,20.5537,1.1347
-41.8176,-29.2665,21,1.22173,-41.9582,-29.6309,20.6094,1.22209
-28.3268,-41.4756,22,0.349066,-28.2639,-41.4589,22.0648,0.348802
-29.0612,-39.7024,22,0.436332,-29.0005,-39.6854,22.0622,0.435869
-29.9474,-38,22,0.523599,-30.4148,-38.2711,21.4597,0.523546
-30.9787,-36.3813,22,0.610865,-31.0994,-36.4699,21.8503,0.610713
-32.147,-34.8587,22,0.698132,-32.4522,-35.1171,21.6001,0.698049
-33.4436,-33.4436,22,0.785398,-33.7511,-33.8184,21.5177,0.783187
-34.8587,-32.147,22,0.872665,-35.1171,-32.4522,21.6001,0.872747
-36.3813,-30.9787,22,0.959931,-36.4699,-31.0994,21.8503,0.960083
-38,-29.9474,22,1.0472,-38.2711,-30.4148,21.4597,1.04725
-39.7024,-29.0612,22,1.13446,-39.6854,-29.0005,22.0622,1.13493
-41.4756,-28.3268,22,1.22173,-41.4589,-28.2639,22.0648,1.22199
-27.3871,-41.1335,23,0.349066,-27.501,-41.1852,22.8753,0.348645
-28.1549,-39.2798,23,0.436332,-28.2366,-39.3329,22.9036,0.435737
-29.0814,-37.5,23,0.523599,-29.7054,-37.8638,22.2777,0.52346
-30.1595,-35.8077,23,0.610865,-30.3954,-35.9682,22.7147,0.611035
-31.381,-34.2159,23,0.698132,-31.7962,-34.5672,22.4561,0.698032
-32.7365,-32.7365,23,0.785398,-33.1817,-33.1817,22.3704,0.785398
-34.2159,-31.381,23,0.872665,-34.5601,-31.8033,22.4552,0.87232
-35.8077,-30.1595,23,0.959931,-35.9749,-30.3886,22.7165,0.960175
-37.5,-29.0814,23,1.0472,-37.8573,-29.7121,22.2752,1.04693
-39.2798,-28.1549,23,1.13446,-39.3261,-28.2434,22.9003,1.13467
-41.1335,-27.3871,23,1.22173,-41.1852,-27.5009,22.8753,1.22215
-26.4474,-40.7915,24,0.349066,-26.6797,-40.8895,23.7482,0.348533
-27.2486,-38.8572,24,0.436332,-27.4187,-38.9449,23.8088,0.436011
-28.2154,-37,24,0.523599,-28.1163,-36.9409,24.1154,0.523666
-29.3404,-35.2342,24,0.610865,-29.6188,-35.4385,23.6548,0.610542
-30.6149,-33.5731,24,0.698132,-31.0926,-33.9644,23.3826,0.698444
-32.0294,-32.0294,24,0.785398,-32.5285,-32.5285,23.2942,0.785398
-33.5731,-30.6149,24,0.872665,-33.9644,-31.0926,23.3826,0.872353
-35.2342,-29.3404,24,0.959931,-35.4385,-29.6188,23.6548,0.960255
-37,-28.2154,24,1.0472,-36.9409,-28.1163,24.1154,1.04713
-38.8572,-27.2486,24,1.13446,-38.9379,-27.4258,23.8053,1.13439
-40.7915,-26.4474,24,1.22173,-40.8831,-26.6864,23.7441,1.22191
-25.5077,-40.4495,25,0.349066,-25.7995,-40.5642,24.6866,0.348744
-26.3423,-38.4345,25,0.436332,-26.5254,-38.5318,24.793,0.435896
-27.3494,-36.5,25,0.523599,-28.1163,-36.9409,24.1154,0.523666
-28.5212,-34.6606,25,0.610865,-28.7892,-34.8483,24.6728,0.610864
-29.8489,-32.9303,25,0.698132,-30.3098,-33.3278,24.3915,0.697795
-31.3223,-31.3223,25,0.785398,-31.755,-31.8823,24.2983,0.781696
-32.9303,-29.8489,25,0.872665,-33.3278,-30.3098,24.3915,0.873002
-34.6606,-28.5212,25,0.959931,-34.8483,-28.7892,24.6728,0.959932
-36.5,-27.3494,25,1.0472,-36.9409,-28.1163,24.1154,1.04713
-38.4345,-26.3423,25,1.13446,-38.5245,-26.5327,24.7894,1.13451
-40.4495,-25.5077,25,1.22173,-40.5574,-25.8064,24.6824,1.2217
-24.568,-40.1075,26,0.349066,-24.846,-40.2112,25.7033,0.348975
-25.436,-38.0119,26,0.436332,-25.5622,-38.0749,25.859,0.436186
-26.4833,-36,26,0.523599,-27.2069,-36.4301,25.1583,0.523173
-27.702,-34.087,26,0.610865,-27.8772,-34.2111,25.7853,0.610818
-29.0828,-32.2875,26,0.698132,-29.4763,-32.6119,25.4901,0.698305
-30.6152,-30.6152,26,0.785398,-30.9907,-31.0974,25.3936,0.782428
-32.2875,-29.0828,26,0.872665,-32.6199,-29.4682,25.4911,0.872935
-34.087,-27.702,26,0.959931,-34.2111,-27.8772,25.7853,0.959978
-36,-26.4833,26,1.0472,-36.423,-27.2143,25.1555,1.04723
-38.0119,-25.436,26,1.13446,-38.0749,-25.5622,25.859,1.13461
-40.1075,-24.568,26,1.22173,-40.2112,-24.846,25.7033,1.22182
-23.6283,-39.7655,27,0.349066,-23.8021,-39.835,26.8129,0.348845
-24.5297,-37.5893,27,0.436332,-24.5031,-37.585,27.0259,0.43606
-25.6173,-35.5,27,0.523599,-26.2223,-35.8661,26.293,0.523046
-26.8829,-33.5134,27,0.610865,-26.8785,-33.5131,27.0038,0.610781
-28.3168,-31.6447,27,0.698132,-28.5541,-31.8373,26.6945,0.69832
-29.9081,-29.9081,27,0.785398,-30.262,-30.1296,26.5933,0.788919
-31.6447,-28.3168,27,0.872665,-31.847,-28.5445,26.6955,0.872986
-33.5134,-26.8829,27,0.959931,-33.5131,-26.8785,27.0038,0.960015
-35.5,-25.6173,27,1.0472,-35.8575,-26.2306,26.2901,1.04731
-37.5893,-24.5297,27,1.13446,-37.585,-24.5031,27.0259,1.13474
-39.7655,-23.6283,27,1.22173,-39.835,-23.8021,26.8129,1.22195
-22.6886,-39.4234,28,0.349066,-22.6631,-39.4251,28.0234,0.3487
-23.6234,-37.1667,28,0.436332,-24.5031,-37.585,27.0259,0.43606
-24.7513,-35,28,0.523599,-25.1527,-35.2391,27.5328,0.523369
-26.0637,-32.9399,28,0.610865,-26.8785,-33.5131,27.0038,0.610781
-27.5508,-31.0019,28,0.698132,-27.5382,-30.987,28.0192,0.698254
-29.201,-29.201,28,0.785398,-29.2111,-29.314,27.913,0.782791
-31.0019,-27.5508,28,0.872665,-30.987,-27.5382,28.0192,0.872542
-32.9399,-26.0637,28,0.959931,-33.504,-26.8874,27.0017,0.959548
-35,-24.7513,28,1.0472,-35.2391,-25.1527,27.5328,1.04743
-37.1667,-23.6234,28,1.13446,-37.585,-24.5031,27.0259,1.13474
-39.4234,-22.6886,28,1.22173,-39.4251,-22.6631,28.0234,1.2221
-21.7489,-39.0814,29,0.349066,-22.6711,-39.417,28.0186,0.349067
-22.7171,-36.7441,29,0.436332,-23.3519,-37.0395,28.2998,0.436351
-23.8853,-34.5,29,0.523599,-23.9682,-34.5568,28.8998,0.523331
-25.2446,-32.3663,29,0.610865,-25.788,-32.7374,28.342,0.611138
-26.7847,-30.3592,29,0.698132,-27.5294,-30.9958,28.0203,0.69781
-28.4939,-28.4939,29,0.785398,-29.2625,-29.2625,27.913,0.785398
-30.3592,-26.7847,29,0.872665,-30.9958,-27.5294,28.0203,0.872986
-32.3663,-25.2446,29,0.959931,-32.7462,-25.7792,28.3442,0.960092
-34.5,-23.8853,29,1.0472,-34.5568,-23.9682,28.8998,1.04747
-36.7441,-22.7171,29,1.13446,-37.0395,-23.3519,28.2998,1.13445
-39.0814,-21.7489,29,1.22173,-39.417,-22.6711,28.0186,1.22173
-20.8092,-38.7394,30,0.349066,-21.424,-38.9675,29.3442,0.348926
-21.8108,-36.3215,30,0.436332,-22.0764,-36.4488,29.7054,0.436228
-23.0192,-34,30,0.523599,-23.9767,-34.5485,28.8966,0.523728
-24.4254,-31.7927,30,0.610865,-24.5656,-31.8967,29.8256,0.610705
-26.0187,-29.7164,30,0.698132,-26.4173,-30.0449,29.4834,0.698288
-27.7868,-27.7868,30,0.785398,-28.1468,-28.3159,29.3716,0.781328
-29.7164,-26.0187,30,0.872665,-30.0449,-26.4173,29.4834,0.872508
-31.7927,-24.4254,30,0.959931,-31.8967,-24.5656,29.8256,0.960091
-34,-23.0192,30,1.0472,-34.5485,-23.9767,28.8966,1.04707
-36.3215,-21.8108,30,1.13446,-36.4488,-22.0764,29.7054,1.13457
-38.7394,-20.8092,30,1.22173,-38.9675,-21.424,29.3442,1.22187
-19.8695,-38.3974,31,0.349066,-20.0612,-38.464,30.7971,0.349163
-20.9045,-35.8988,31,0.436332,-22.0764,-36.4488,29.7054,0.436228
-22.1532,-33.5,31,0.523599,-22.6672,-33.7953,30.4073,0.523641
-23.6063,-31.2191,31,0.610865,-24.5656,-31.8967,29.8256,0.610705
-25.2526,-29.0736,31,0.698132,-25.1694,-29.0011,31.1103,0.698196
-27.0797,-27.0797,31,0.785398,-27.0852,-27.0852,30.9922,0.785398
-29.0736,-25.2526,31,0.872665,-29.0011,-25.1694,31.1103,0.872601
-31.2191,-23.6063,31,0.959931,-31.8873,-24.5749,29.8233,0.959656
-33.5,-22.1532,31,1.0472,-33.7953,-22.6672,30.4073,1.04716
-35.8988,-20.9045,31,1.13446,-36.4488,-22.0764,29.7054,1.13457
-38.3974,-19.8695,31,1.22173,-38.464,-20.0612,30.7971,1.22163
-18.9298,-38.0554,32,0.349066,-20.0524,-38.4728,30.8024,0.348795
-19.9982,-35.4762,32,0.436332,-20.667,-35.7952,31.259,0.436128
-21.2872,-33,32,0.523599,-21.2118,-32.9589,32.0858,0.523532
-22.7871,-30.6456,32,0.610865,-23.2154,-30.9551,31.4716,0.610615
-24.4866,-28.4308,32,0.698132,-25.1694,-29.0011,31.1103,0.698196
-26.3726,-26.3726,32,0.785398,-27.0852,-27.0852,30.9922,0.785398
-28.4308,-24.4866,32,0.872665,-29.0011,-25.1694,31.1103,0.872601
-30.6456,-22.7871,32,0.959931,-30.9453,-23.2253,31.4692,0.959747
-33,-21.2872,32,1.0472,-32.9682,-21.2023,32.0894,1.04766
-35.4762,-19.9981,32,1.13446,-35.7863,-20.6762,31.2545,1.13429
-38.0554,-18.9298,32,1.22173,-38.4728,-20.0524,30.8024,1.222
-17.9901,-37.7133,33,0.349066,-18.5459,-37.9158,32.4085,0.34906
-19.0918,-35.0536,33,0.436332,-19.101,-35.0691,32.9851,0.436025
-20.4212,-32.5,33,0.523599,-21.2118,-32.9589,32.0858,0.523532
-21.968,-30.072,33,0.610865,-23.2253,-30.9453,31.4692,0.611049
-23.7205,-27.788,33,0.698132,-23.7649,-27.8441,32.9299,0.697693
-25.6655,-25.6655,33,0.785398,-25.8044,-25.8044,32.8035,0.785398
-27.788,-23.7205,33,0.872665,-27.8441,-23.7649,32.9299,0.873104
-30.072,-21.968,33,0.959931,-30.9453,-23.2253,31.4692,0.959747
-32.5,-20.4212,33,1.0472,-32.9682,-21.2023,32.0894,1.04766
-35.0536,-19.0918,33,1.13446,-35.0691,-19.101,32.9851,1.13477
-37.7133,-17.9901,33,1.22173,-37.9158,-18.5459,32.4085,1.22174
-17.0505,-37.3713,34,0.349066,-16.862,-37.3076,34.1989,0.348931
-18.1855,-34.631,34,0.436332,-19.1112,-35.0584,32.9804,0.436448
-19.5551,-32,34,0.523599,-19.5857,-32.0234,33.9619,0.523452
-21.1488,-29.4984,34,0.610865,-21.7077,-29.9009,33.3113,0.610591
-22.9545,-27.1452,34,0.698132,-23.7753,-27.8338,32.9286,0.698136
-24.9584,-24.9584,34,0.785398,-25.8044,-25.8044,32.8035,0.785398
-27.1452,-22.9545,34,0.872665,-27.8441,-23.7649,32.9299,0.873104
-29.4984,-21.1488,34,0.959931,-29.9009,-21.7077,33.3113,0.960205
-32,-19.5551,34,1.0472,-32.0234,-19.5857,33.9619,1.04734
-34.631,-18.1855,34,1.13446,-35.0691,-19.101,32.9851,1.13477
-37.3713,-17.0505,34,1.22173,-37.3076,-16.862,34.1989,1.22187
-16.1108,-37.0293,35,0.349066,-16.862,-37.3076,34.1989,0.348931
-17.2792,-34.2084,35,0.436332,-17.3605,-34.2486,34.9094,0.436272
-18.6891,-31.5,35,0.523599,-19.5857,-32.0234,33.9619,0.523452
-20.3297,-28.9248,35,0.610865,-21.7077,-29.9009,33.3113,0.610591
-22.1884,-26.5024,35,0.698132,-22.1984,-26.5285,34.9756,0.697744
-24.2513,-24.2513,35,0.785398,-24.3635,-24.3635,34.8413,0.785398
-26.5024,-22.1884,35,0.872665,-26.5201,-22.2072,34.9742,0.872707
-28.9248,-20.3297,35,0.959931,-29.889,-21.7192,33.3088,0.959717
-31.5,-18.6891,35,1.0472,-32.0234,-19.5857,33.9619,1.04734
-34.2084,-17.2792,35,1.13446,-34.2486,-17.3605,34.9094,1.13452
-37.0293,-16.1108,35,1.22173,-37.3076,-16.862,34.1989,1.22187
-15.1711,-36.6873,36,0.349066,-14.9899,-36.6187,36.1937,0.349134
-16.3729,-33.7857,36,0.436332,-17.3605,-34.2486,34.9094,0.436272
-17.8231,-31,36,0.523599,-17.756,-30.9714,36.0724,0.523356
-19.5105,-28.3512,36,0.610865,-20.0206,-28.7067,35.3782,0.610904
-21.4224,-25.8596,36,0.698132,-22.2072,-26.5201,34.9742,0.69809
-23.5442,-23.5442,36,0.785398,-24.3635,-24.3635,34.8413,0.785398
-25.8596,-21.4224,36,0.872665,-26.5201,-22.2072,34.9742,0.872707
-28.3512,-19.5105,36,0.959931,-28.7067,-20.0206,35.3782,0.959892
-31,-17.8231,36,1.0472,-30.9714,-17.756,36.0724,1.04744
-33.7857,-16.3729,36,1.13446,-34.259,-17.3501,34.9144,1.13492
-36.6873,-15.1711,36,1.22173,-36.6187,-14.9899,36.1937,1.22166
-14.2314,-36.3453,37,0.349066,-14.9899,-36.6187,36.1937,0.349134
-15.4666,-33.3631,37,0.436332,-15.3925,-33.334,37.0794,0.436201
-16.9571,-30.5,37,0.523599,-17.7671,-30.9603,36.0684,0.523775
-18.6914,-27.7777,37,0.610865,-20.0206,-28.7067,35.3782,0.610904
-20.6564,-25.2169,37,0.698132,-20.4317,-25.0294,37.2926,0.69811
-22.837,-22.837,37,0.785398,-22.7305,-22.7305,37.1507,0.785398
-25.2169,-20.6564,37,0.872665,-25.0294,-20.4317,37.2926,0.872686
-27.7777,-18.6914,37,0.959931,-28.7067,-20.0206,35.3782,0.959892
-30.5,-16.9571,37,1.0472,-30.9714,-17.756,36.0724,1.04744
-33.3631,-15.4666,37,1.13446,-33.334,-15.3925,37.0794,1.1346
-36.3453,-14.2314,37,1.22173,-36.6187,-14.9899,36.1937,1.22166
-13.2917,-36.0032,38,0.349066,-14.9795,-36.6291,36.1999,0.348766
-14.5603,-32.9405,38,0.436332,-15.3925,-33.334,37.0794,0.436201
-16.091,-30,38,0.523599,-17.756,-30.9714,36.0724,0.523356
-17.8722,-27.2041,38,0.610865,-18.0987,-27.3625,37.7237,0.610869
-19.8903,-24.5741,38,0.698132,-20.4199,-25.0412,37.294,0.697665
-22.1299,-22.1299,38,0.785398,-22.7305,-22.7305,37.1507,0.785398
-24.5741,-19.8903,38,0.872665,-25.0412,-20.4199,37.294,0.873132
-27.2041,-17.8722,38,0.959931,-27.3625,-18.0987,37.7237,0.959927
-30,-16.091,38,1.0472,-30.9603,-17.7671,36.0684,1.04702
-32.9405,-14.5603,38,1.13446,-33.334,-15.3925,37.0794,1.1346
-36.0032,-13.2917,38,1.22173,-36.6291,-14.9795,36.1999,1.22203
-12.352,-35.6612,39,0.349066,-12.862,-35.8649,38.451,0.348624
-13.654,-32.5179,39,0.436332,-15.3925,-33.334,37.0794,0.436201
-15.225,-29.5,39,0.523599,-15.6952,-29.7655,38.46,0.523733
-17.0531,-26.6305,39,0.610865,-18.0987,-27.3625,37.7237,0.610869
-19.1243,-23.9313,39,0.698132,-20.4317,-25.0294,37.2926,0.69811
-21.4228,-21.4228,39,0.785398,-22.7305,-22.7305,37.1507,0.785398
-23.9313,-19.1243,39,0.872665,-25.0294,-20.4317,37.2926,0.872686
-26.6305,-17.0531,39,0.959931,-27.3625,-18.0987,37.7237,0.959927
-29.5,-15.225,39,1.0472,-29.7655,-15.6952,38.46,1.04706
-32.5179,-13.654,39,1.13446,-33.334,-15.3925,37.0794,1.1346
-35.6612,-12.352,39,1.22173,-35.8532,-12.8733,38.4444,1.22179
-11.4123,-35.3192,40,0.349066,-12.8733,-35.8532,38.4444,0.349011
-12.7477,-32.0953,40,0.436332,-13.1734,-32.2869,39.5332,0.436491
-14.359,-29,40,0.523599,-15.6952,-29.7655,38.46,0.523733
-16.2339,-26.0569,40,0.610865,-18.0987,-27.3625,37.7237,0.610869
-18.3582,-23.2885,40,0.698132,-18.4067,-23.3208,39.9421,0.698293
-20.7157,-20.7157,40,0.785398,-20.8642,-20.8642,39.79,0.785398
-23.2885,-18.3582,40,0.872665,-23.3208,-18.4067,39.9421,0.872504
-26.0569,-16.2339,40,0.959931,-27.3625,-18.0987,37.7237,0.959927
-29,-14.359,40,1.0472,-29.7655,-15.6952,38.46,1.04706
-32.0953,-12.7477,40,1.13446,-32.2869,-13.1734,39.5332,1.13431
-35.3192,-11.4123,40,1.22173,-35.8649,-12.862,38.451,1.22217
-10.4726,-34.9772,41,0.349066,-10.4742,-34.9866,40.9953,0.348864
-11.8414,-31.6727,41,0.436332,-13.1609,-32.3003,39.5389,0.43605
-13.493,-28.5,41,0.523599,-13.314,-28.414,41.198,0.523235
-15.4148,-25.4834,41,0.610865,-15.902,-25.8264,40.4041,0.610827
-17.5922,-22.6457,41,0.698132,-18.4067,-23.3208,39.9421,0.698293
-20.0086,-20.0086,41,0.785398,-20.8642,-20.8642,39.79,0.785398
-22.6457,-17.5922,41,0.872665,-23.3208,-18.4067,39.9421,0.872504
-25.4834,-15.4148,41,0.959931,-25.8264,-15.902,40.4041,0.95997
-28.5,-13.493,41,1.0472,-28.414,-13.314,41.198,1.04756
-31.6727,-11.8414,41,1.13446,-32.3003,-13.1609,39.5389,1.13475
-34.9772,-10.4726,41,1.22173,-34.9866,-10.4742,40.9953,1.22193
-9.53291,-34.6352,42,0.349066,-10.4742,-34.9866,40.9953,0.348864
-10.9351,-31.25,42,0.436332,-10.6242,-31.1037,42.3436,0.436361
-12.6269,-28,42,0.523599,-13.314,-28.414,41.198,0.523235
-14.5956,-24.9098,42,0.610865,-15.902,-25.8264,40.4041,0.610827
-16.8261,-22.0029,42,0.698132,-18.4067,-23.3208,39.9421,0.698293
-19.3015,-19.3015,42,0.785398,-20.8642,-20.8642,39.79,0.785398
-22.0029,-16.8261,42,0.872665,-23.3208,-18.4067,39.9421,0.872504
-24.9098,-14.5956,42,0.959931,-25.8264,-15.902,40.4041,0.95997
-28,-12.6269,42,1.0472,-28.4024,-13.326,41.1934,1.04717
-31.25,-10.9351,42,1.13446,-31.1037,-10.6242,42.3436,1.13444
-34.6352,-9.53291,42,1.22173,-34.9866,-10.4742,40.9953,1.22193
-8.59322,-34.2931,43,0.349066,-10.4742,-34.9866,40.9953,0.348864
-10.0288,-30.8274,43,0.436332,-10.6242,-31.1037,42.3436,0.436361
-11.7609,-27.5,43,0.523599,-13.326,-28.4024,41.1934,0.523625
-13.7765,-24.3362,43,0.610865,-15.902,-25.8264,40.4041,0.610827
-16.0601,-21.3601,43,0.698132,-16.0592,-21.3625,42.9992,0.698077
-18.5944,-18.5944,43,0.785398,-18.7108,-18.7108,42.8354,0.785398
-21.3601,-16.0601,43,0.872665,-21.3625,-16.0592,42.9992,0.87272
-24.3362,-13.7765,43,0.959931,-25.8264,-15.902,40.4041,0.95997
-27.5,-11.7609,43,1.0472,-28.4024,-13.326,41.1934,1.04717
-30.8274,-10.0288,43,1.13446,-31.1156,-10.612,42.3497,1.13481
-34.2931,-8.59322,43,1.22173,-34.9866,-10.4742,40.9953,1.22193
-7.65353,-33.9511,44,0.349066,-7.73276,-33.9948,43.9106,0.348749
-9.12246,-30.4048,44,0.436332,-10.6242,-31.1037,42.3436,0.436361
-10.8949,-27,44,0.523599,-10.5797,-26.8415,44.3522,0.52314
-12.9573,-23.7626,44,0.610865,-13.3677,-24.0534,43.497,0.610801
-15.294,-20.7173,44,0.698132,-16.0592,-21.3625,42.9992,0.698077
-17.8873,-17.8873,44,0.785398,-18.7108,-18.7108,42.8354,0.785398
-20.7173,-15.294,44,0.872665,-21.3625,-16.0592,42.9992,0.87272
-23.7626,-12.9573,44,0.959931,-24.0398,-13.3813,43.4937,0.95956
-27,-10.8949,44,1.0472,-26.8269,-10.5939,44.3472,1.04721
-30.4048,-9.12246,44,1.13446,-31.1037,-10.6242,42.3436,1.13444
-33.9511,-7.65353,44,1.22173,-33.9948,-7.73276,43.9106,1.22205
-6.71383,-33.6091,45,0.349066,-7.74514,-33.9828,43.9031,0.349101
-8.21615,-29.9822,45,0.436332,-10.612,-31.1156,42.3497,0.435986
-10.0289,-26.5,45,0.523599,-10.5939,-26.8269,44.3472,0.523585
-12.1382,-23.1891,45,0.610865,-13.3677,-24.0534,43.497,0.610801
-14.528,-20.0746,45,0.698132,-16.0592,-21.3625,42.9992,0.698077
-17.1802,-17.1802,45,0.785398,-18.7108,-18.7108,42.8354,0.785398
-20.0746,-14.528,45,0.872665,-21.3625,-16.0592,42.9992,0.87272
-23.1891,-12.1382,45,0.959931,-24.0535,-13.3677,43.497,0.959996
-26.5,-10.0289,45,1.0472,-26.8269,-10.5939,44.3472,1.04721
-29.9822,-8.21615,45,1.13446,-31.1037,-10.6242,42.3436,1.13444
-33.6091,-6.71383,45,1.22173,-33.9828,-7.74514,43.9031,1.2217
-5.77414,-33.2671,46,0.349066,-7.74514,-33.9828,43.9031,0.349101
-7.30984,-29.5596,46,0.436332,-7.6823,-29.7397,45.5863,0.436203
-9.16283,-26,46,0.523599,-10.5939,-26.8269,44.3472,0.523585
-11.319,-22.6155,46,0.610865,-13.3677,-24.0534,43.497,0.610801
-13.762,-19.4318,46,0.698132,-16.0592,-21.3625,42.9992,0.698077
-16.4731,-16.4731,46,0.785398,-16.1985,-16.1985,46.3883,0.785398
-19.4318,-13.762,46,0.872665,-21.3625,-16.0592,42.9992,0.87272
-22.6155,-11.319,46,0.959931,-24.0535,-13.3677,43.497,0.959996
-26,-9.16283,46,1.0472,-26.8269,-10.5939,44.3472,1.04721
-29.5596,-7.30984,46,1.13446,-29.7397,-7.6823,45.5863,1.13459
-33.2671,-5.77414,46,1.22173,-33.9828,-7.74514,43.9031,1.2217
-4.83445,-32.9251,47,0.349066,-4.58252,-32.8387,47.2663,0.34896
-6.40353,-29.1369,47,0.436332,-7.6823,-29.7397,45.5863,0.436203
-8.29681,-25.5,47,0.523599,-10.5939,-26.8269,44.3472,0.523585
-10.4999,-22.0419,47,0.610865,-10.4118,-21.9841,47.1053,0.610799
-12.9959,-18.789,47,0.698132,-13.3422,-19.0545,46.5641,0.698543
-15.766,-15.766,47,0.785398,-16.1985,-16.1985,46.3883,0.785398
-18.789,-12.9959,47,0.872665,-19.0692,-13.3274,46.5659,0.872699
-22.0419,-10.4999,47,0.959931,-21.9841,-10.4118,47.1053,0.959998
-25.5,-8.2968,47,1.0472,-26.8269,-10.5939,44.3472,1.04721
-29.1369,-6.40353,47,1.13446,-29.7397,-7.6823,45.5863,1.13459
-32.9251,-4.83445,47,1.22173,-32.8387,-4.58252,47.2663,1.22184
-3.89475,-32.583,48,0.349066,-4.58252,-32.8387,47.2663,0.34896
-5.49723,-28.7143,48,0.436332,-7.6823,-29.7397,45.5863,0.436203
-7.43078,-25,48,0.523599,-7.40427,-24.9924,48.0268,0.52346
-9.6807,-21.4683,48,0.610865,-10.4118,-21.9841,47.1053,0.610799
-12.2299,-18.1462,48,0.698132,-13.3274,-19.0692,46.5659,0.698098
-15.0589,-15.0589,48,0.785398,-16.1985,-16.1985,46.3883,0.785398
-18.1462,-12.2299,48,0.872665,-19.0692,-13.3274,46.5659,0.872699
-21.4683,-9.6807,48,0.959931,-21.9841,-10.4118,47.1053,0.959998
-25,-7.43078,48,1.0472,-24.9924,-7.40427,48.0268,1.04734
-28.7143,-5.49722,48,1.13446,-29.7397,-7.6823,45.5863,1.13459
-32.583,-3.89475,48,1.22173,-32.8387,-4.58252,47.2663,1.22184
-2.95506,-32.241,49,0.349066,-4.58252,-32.8387,47.2663,0.34896
-4.59092,-28.2917,49,0.436332,-4.26558,-28.132,49.3624,0.43648
-6.56475,-24.5,49,0.523599,-7.40427,-24.9924,48.0268,0.52346
-8.86155,-20.8948,49,0.610865,-10.4245,-21.9722,47.1017,0.61116
-11.4638,-17.5034,49,0.698132,-13.3274,-19.0692,46.5659,0.698098
-14.3518,-14.3518,49,0.785398,-16.1985,-16.1985,46.3883,0.785398
-17.5034,-11.4638,49,0.872665,-19.0692,-13.3274,46.5659,0.872699
-20.8948,-8.86155,49,0.959931,-21.9722,-10.4245,47.1017,0.959637
-24.5,-6.56475,49,1.0472,-24.9924,-7.40427,48.0268,1.04734
-28.2917,-4.59092,49,1.13446,-28.1435,-4.25235,49.3695,1.13464
-32.241,-2.95506,49,1.22173,-32.8387,-4.58252,47.2663,1.22184
-2.01537,-31.899,50,0.349066,-4.58252,-32.8387,47.2663,0.34896
-3.68461,-27.8691,50,0.436332,-4.26558,-28.132,49.3624,0.43648
-5.69873,-24,50,0.523599,-7.40427,-24.9924,48.0268,0.52346
-8.0424,-20.3212,50,0.610865,-10.4118,-21.9841,47.1053,0.610799
-10.6978,-16.8606,50,0.698132,-13.3274,-19.0692,46.5659,0.698098
-13.6447,-13.6447,50,0.785398,-13.2294,-13.2294,50.5873,0.785398
-16.8606,-10.6978,50,0.872665,-19.0692,-13.3274,46.5659,0.872699
-20.3212,-8.0424,50,0.959931,-21.9841,-10.4118,47.1053,0.959998
-24,-5.69873,50,1.0472,-24.9797,-7.41783,48.0214,1.04697
-27.8691,-3.68461,50,1.13446,-28.132,-4.26558,49.3624,1.13432
-31.899,-2.01537,50,1.22173,-32.8387,-4.58252,47.2663,1.22184
