-46.1809,-47.9739,3,0.349066,-46.1966,-48.0212,2.96932,0.335911
-46.2811,-47.7321,3,0.436332,-46.3141,-47.7742,2.95241,0.428165
-46.4019,-47.5,3,0.523599,-46.4796,-47.5402,2.91265,0.524968
-46.5425,-47.2793,3,0.610865,-46.5596,-47.3152,2.96549,0.604236
-46.7019,-47.0716,3,0.698132,-46.7606,-47.1142,2.92765,0.69991
-46.8787,-46.8787,3,0.785398,-46.9581,-46.9167,2.91711,0.795447
-47.0716,-46.7019,3,0.872665,-47.128,-46.7467,2.92939,0.877569
-47.2793,-46.5425,3,0.959931,-47.3083,-46.5665,2.96374,0.963315
-47.5,-46.4019,3,1.0472,-47.5869,-46.4329,2.93035,1.06761
-47.7321,-46.2811,3,1.13446,-47.7774,-46.3108,2.95403,1.1441
-47.9739,-46.1809,3,1.22173,-48.0212,-46.1966,2.96932,1.23489
-45.2412,-47.6319,4,0.349066,-45.2659,-47.6718,3.96332,0.341748
-45.3748,-47.3095,4,0.436332,-45.4501,-47.3681,3.90707,0.430893
-45.5359,-47,4,0.523599,-45.5358,-47.0245,3.98788,0.518275
-45.7234,-46.7057,4,0.610865,-45.7917,-46.7686,3.90799,0.607704
-45.9358,-46.4288,4,0.698132,-45.962,-46.4589,3.96062,0.69657
-46.1716,-46.1716,4,0.785398,-46.2105,-46.2105,3.945,0.785398
-46.4288,-45.9358,4,0.872665,-46.4589,-45.962,3.96062,0.874226
-46.7057,-45.7234,4,0.959931,-46.764,-45.7963,3.90683,0.961434
-47,-45.5359,4,1.0472,-47.0198,-45.5405,3.98615,1.05093
-47.3095,-45.3748,4,1.13446,-47.3725,-45.4456,3.90925,1.14141
-47.6319,-45.2412,4,1.22173,-47.6718,-45.2659,3.96332,1.22905
-44.3015,-47.2899,5,0.349066,-44.2831,-47.3103,5.01045,0.343972
-44.4685,-46.8869,5,0.436332,-44.4833,-46.9126,4.97574,0.432921
-44.6699,-46.5,5,0.523599,-44.6674,-46.5177,4.99328,0.520286
-44.9042,-46.1321,5,0.610865,-44.9857,-46.1995,4.89468,0.609139
-45.1698,-45.7861,5,0.698132,-45.1691,-45.7908,4.99748,0.69733
-45.4645,-45.4645,5,0.785398,-45.4838,-45.4761,4.97811,0.78649
-45.7861,-45.1698,5,0.872665,-45.7908,-45.1691,4.99748,0.873466
-46.1321,-44.9042,5,0.959931,-46.1995,-44.9857,4.89468,0.961657
-46.5,-44.6699,5,1.0472,-46.5118,-44.6733,4.99111,1.0489
-46.8869,-44.4685,5,1.13446,-46.9182,-44.4776,4.97853,1.13939
-47.2899,-44.3015,5,1.22173,-47.3103,-44.2831,5.01045,1.22682
-43.3618,-46.9479,6,0.349066,-43.4488,-47.0105,5.89691,0.344126
-43.5622,-46.4643,6,0.436332,-43.6555,-46.5247,5.88988,0.433732
-43.8038,-46,6,0.523599,-43.8434,-46.0354,5.9481,0.521773
-44.0851,-45.5585,6,0.610865,-44.2181,-45.6606,5.83248,0.60961
-44.4037,-45.1433,6,0.698132,-44.4078,-45.1443,5.9962,0.698442
-44.7574,-44.7574,6,0.785398,-44.7761,-44.7761,5.97354,0.785398
-45.1433,-44.4037,6,0.872665,-45.1443,-44.4078,5.9962,0.872355
-45.5585,-44.0851,6,0.959931,-45.6606,-44.2181,5.83248,0.961187
-46,-43.8038,6,1.0472,-46.0354,-43.8434,5.9481,1.04902
-46.4643,-43.5622,6,1.13446,-46.5247,-43.6555,5.88988,1.13706
-46.9479,-43.3618,6,1.22173,-47.004,-43.4554,5.89296,1.22525
-42.4221,-46.6059,7,0.349066,-42.5311,-46.6661,6.8771,0.346252
-42.6558,-46.0417,7,0.436332,-42.7256,-46.0843,6.91881,0.435007
-42.9378,-45.5,7,0.523599,-43.1595,-45.6504,6.73288,0.520715
-43.2659,-44.985,7,0.610865,-43.3427,-45.043,6.90384,0.610353
-43.6377,-44.5005,7,0.698132,-43.7719,-44.6138,6.82434,0.69805
-44.0503,-44.0503,7,0.785398,-44.1929,-44.1929,6.79833,0.785398
-44.5005,-43.6377,7,0.872665,-44.6221,-43.7636,6.82539,0.874453
-44.985,-43.2659,7,0.959931,-45.043,-43.3427,6.90384,0.960443
-45.5,-42.9378,7,1.0472,-45.5429,-43.0598,6.87294,1.04373
-46.0417,-42.6558,7,1.13446,-46.0843,-42.7256,6.91881,1.13579
-46.6059,-42.4221,7,1.22173,-46.6661,-42.5311,6.8771,1.22454
-41.4825,-46.2638,8,0.349066,-41.5908,-46.3284,7.8762,0.346069
-41.7495,-45.6191,8,0.436332,-41.7665,-45.637,7.97708,0.435196
-42.0718,-45,8,0.523599,-42.2689,-45.1345,7.76205,0.521289
-42.4468,-44.4114,8,0.610865,-42.4233,-44.4071,8.02166,0.609626
-42.8716,-43.8577,8,0.698132,-42.9242,-43.9062,7.92853,0.69771
-43.3431,-43.3431,8,0.785398,-43.4152,-43.4152,7.89806,0.785398
-43.8577,-42.8716,8,0.872665,-43.9062,-42.9242,7.92853,0.873087
-44.4114,-42.4468,8,0.959931,-44.4071,-42.4233,8.02166,0.96117
-45,-42.0718,8,1.0472,-45.1345,-42.2689,7.76205,1.04951
-45.6191,-41.7495,8,1.13446,-45.637,-41.7665,7.97708,1.1356
-46.2638,-41.4825,8,1.22173,-46.3195,-41.5996,7.87089,1.22329
-40.5428,-45.9218,9,0.349066,-40.7931,-46.0374,8.72531,0.346434
-40.8432,-45.1964,9,0.436332,-40.9425,-45.2475,8.88841,0.435843
-41.2058,-44.5,9,0.523599,-41.5041,-44.686,8.64868,0.522218
-41.6276,-43.8378,9,0.610865,-41.63,-43.8395,8.99703,0.610862
-42.1056,-43.2149,9,0.698132,-42.1936,-43.276,8.89333,0.699237
-42.636,-42.636,9,0.785398,-42.7251,-42.7445,8.86031,0.783854
-43.2149,-42.1056,9,0.872665,-43.276,-42.1936,8.89333,0.87156
-43.8378,-41.6276,9,0.959931,-43.8395,-41.63,8.99703,0.959934
-44.5,-41.2058,9,1.0472,-44.686,-41.5041,8.64868,1.04858
-45.1964,-40.8432,9,1.13446,-45.2475,-40.9425,8.88841,1.13495
-45.9218,-40.5428,9,1.22173,-46.0276,-40.8029,8.71941,1.22293
-39.6031,-45.5798,10,0.349066,-39.807,-45.6627,9.78008,0.348234
-39.9369,-44.7738,10,0.436332,-39.8871,-44.766,10.0485,0.43494
-40.3397,-44,10,0.523599,-40.5352,-44.1179,9.77176,0.523148
-40.8085,-43.2642,10,0.610865,-41.1481,-43.505,9.5837,0.610608
-41.3396,-42.5721,10,0.698132,-41.7374,-42.9157,9.47439,0.697338
-41.9289,-41.9289,10,0.785398,-42.3186,-42.3345,9.43768,0.784202
-42.5721,-41.3396,10,0.872665,-42.9157,-41.7374,9.47439,0.873458
-43.2642,-40.8085,10,0.959931,-43.5169,-41.1362,9.58661,0.961911
-44,-40.3397,10,1.0472,-44.1179,-40.5352,9.77176,1.04765
-44.7738,-39.9369,10,1.13446,-44.766,-39.8871,10.0485,1.13586
-45.5798,-39.6031,10,1.22173,-45.6627,-39.807,9.78008,1.22256
-38.6634,-45.2378,11,0.349066,-39.2035,-45.4496,10.42,0.347697
-39.0306,-44.3512,11,0.436332,-39.2589,-44.4611,10.7467,0.436038
-39.4737,-43.5,11,0.523599,-39.9407,-43.7793,10.4559,0.522799
-39.9893,-42.6907,11,0.610865,-39.9618,-42.6815,11.0278,0.610115
-40.5735,-41.9293,11,0.698132,-40.6418,-42.0014,10.9013,0.697093
-41.2218,-41.2218,11,0.785398,-41.3146,-41.3287,10.8588,0.784485
-41.9293,-40.5735,11,0.872665,-42.0014,-40.6418,10.9013,0.873703
-42.6907,-39.9893,11,0.959931,-42.6815,-39.9618,11.0278,0.960681
-43.5,-39.4737,11,1.0472,-43.7793,-39.9407,10.4559,1.048
-44.3512,-39.0306,11,1.13446,-44.4611,-39.2589,10.7467,1.13476
-45.2378,-38.6634,11,1.22173,-45.4379,-39.2153,10.413,1.22166
-37.7237,-44.8958,12,0.349066,-37.7317,-44.9117,11.9871,0.348047
-38.1243,-43.9286,12,0.436332,-38.5204,-44.123,11.5589,0.43557
-38.6077,-43,12,0.523599,-39.2547,-43.3886,11.2454,0.522441
-39.1702,-42.1171,12,0.610865,-39.2203,-42.1668,11.9304,0.609861
-39.8075,-41.2865,12,0.698132,-39.9565,-41.4307,11.7932,0.696892
-40.5147,-40.5147,12,0.785398,-40.6757,-40.7115,11.7471,0.783242
-41.2865,-39.8075,12,0.872665,-41.4157,-39.9715,11.7914,0.87211
-42.1171,-39.1702,12,0.959931,-42.1668,-39.2203,11.9304,0.960936
-43,-38.6077,12,1.0472,-43.3749,-39.2684,11.2404,1.04669
-43.9286,-38.1243,12,1.13446,-44.123,-38.5204,11.5589,1.13523
-44.8958,-37.7237,12,1.22173,-44.9117,-37.7317,11.9871,1.22275
-36.784,-44.5537,13,0.349066,-36.8192,-44.5679,12.9621,0.348969
-37.218,-43.506,13,0.436332,-37.6588,-43.7284,12.5065,0.435109
-37.7417,-42.5,13,0.523599,-38.4543,-42.9328,12.1664,0.522078
-38.351,-41.5435,13,0.610865,-38.3441,-41.5585,12.9971,0.609614
-39.0414,-40.6438,13,0.698132,-39.1638,-40.7387,12.8452,0.698594
-39.8076,-39.8076,13,0.785398,-39.9513,-39.9513,12.7968,0.785398
-40.6438,-39.0414,13,0.872665,-40.7387,-39.1638,12.8452,0.872202
-41.5435,-38.351,13,0.959931,-41.5585,-38.3441,12.9971,0.961182
-42.5,-37.7417,13,1.0472,-42.9328,-38.4543,12.1664,1.04872
-43.506,-37.218,13,1.13446,-43.7284,-37.6588,12.5065,1.13569
-44.5537,-36.784,13,1.22173,-44.5679,-36.8192,12.9621,1.22183
-35.8443,-44.2117,14,0.349066,-35.7247,-44.1778,14.124,0.348423
-36.3117,-43.0833,14,0.436332,-36.6568,-43.2458,13.6186,0.436234
-36.8756,-42,14,0.523599,-37.5246,-42.3781,13.249,0.523375
-37.5319,-40.9699,14,0.610865,-38.3441,-41.5585,12.9971,0.609614
-38.2754,-40.001,14,0.698132,-38.1768,-39.9443,14.112,0.696713
-39.1005,-39.1005,14,0.785398,-39.0409,-39.0803,14.0565,0.783415
-40.001,-38.2754,14,0.872665,-39.9443,-38.1768,14.112,0.874083
-40.9699,-37.5319,14,0.959931,-41.5424,-38.3602,12.9931,0.959459
-42,-36.8756,14,1.0472,-42.3781,-37.5246,13.249,1.04742
-43.0833,-36.3117,14,1.13446,-43.2458,-36.6568,13.6186,1.13456
-44.2117,-35.8443,14,1.22173,-44.1778,-35.7247,14.124,1.22237
-34.9046,-43.8697,15,0.349066,-35.7247,-44.1778,14.124,0.348423
-35.4054,-42.6607,15,0.436332,-35.4366,-42.6845,14.9616,0.435771
-36.0096,-41.5,15,0.523599,-36.3912,-41.73,14.5546,0.523023
-36.7127,-40.3964,15,0.610865,-37.3102,-40.811,14.2727,0.611083
-37.5093,-39.3582,15,0.698132,-38.1768,-39.9443,14.112,0.696713
-38.3934,-38.3934,15,0.785398,-39.0409,-39.0803,14.0565,0.783415
-39.3582,-37.5093,15,0.872665,-39.9443,-38.1768,14.112,0.874083
-40.3964,-36.7127,15,0.959931,-40.811,-37.3102,14.2727,0.959713
-41.5,-36.0096,15,1.0472,-41.73,-36.3912,14.5546,1.04777
-42.6607,-35.4054,15,1.13446,-42.6845,-35.4366,14.9616,1.13503
-43.8697,-34.9046,15,1.22173,-44.1778,-35.7247,14.124,1.22237
-33.9649,-43.5277,16,0.349066,-34.4113,-43.7099,15.5182,0.347867
-34.4991,-42.2381,16,0.436332,-35.4366,-42.6845,14.9616,0.435771
-35.1436,-41,16,0.523599,-35.0256,-40.9183,16.1431,0.524328
-35.8936,-39.8228,16,0.610865,-36.0274,-39.9164,15.8367,0.61087
-36.7433,-38.7154,16,0.698132,-37.0095,-38.9342,15.6554,0.698354
-37.6863,-37.6863,16,0.785398,-37.9514,-37.9924,15.5961,0.783539
-38.7154,-36.7433,16,0.872665,-38.9342,-37.0095,15.6554,0.872443
-39.8228,-35.8936,16,0.959931,-39.9164,-36.0274,15.8367,0.959926
-41,-35.1436,16,1.0472,-40.9183,-35.0256,16.1431,1.04647
-42.2381,-34.4991,16,1.13446,-42.6669,-35.4543,14.9531,1.13345
-43.5277,-33.9649,16,1.22173,-43.7099,-34.4113,15.5182,1.22293
-33.0252,-43.1857,17,0.349066,-32.8257,-43.1181,17.2106,0.348789
-33.5928,-41.8155,17,0.436332,-33.9455,-41.9981,16.6032,0.43534
-34.2776,-40.5,17,0.523599,-35.0059,-40.9379,16.1503,0.522667
-35.0744,-39.2492,17,0.610865,-36.0274,-39.9164,15.8367,0.61087
-35.9772,-38.0726,17,0.698132,-37.0095,-38.9342,15.6554,0.698354
-36.9792,-36.9792,17,0.785398,-37.9514,-37.9924,15.5961,0.783539
-38.0726,-35.9772,17,0.872665,-38.9342,-37.0095,15.6554,0.872443
-39.2492,-35.0744,17,0.959931,-39.9164,-36.0274,15.8367,0.959926
-40.5,-34.2776,17,1.0472,-40.9379,-35.0059,16.1503,1.04813
-41.8155,-33.5928,17,1.13446,-41.9981,-33.9455,16.6032,1.13546
-43.1857,-33.0252,17,1.22173,-43.1181,-32.8257,17.2106,1.22201
-32.0855,-42.8436,18,0.349066,-32.8257,-43.1181,17.2106,0.348789
-32.6865,-41.3929,18,0.436332,-33.9455,-41.9981,16.6032,0.43534
-33.4115,-40,18,0.523599,-33.2966,-39.9254,18.1368,0.523989
-34.2553,-38.6756,18,0.610865,-34.4234,-38.7988,17.7917,0.610614
-35.2112,-37.4298,18,0.698132,-35.506,-37.7161,17.5902,0.696437
-36.2721,-36.2721,18,0.785398,-36.611,-36.611,17.5206,0.785398
-37.4298,-35.2112,18,0.872665,-37.7161,-35.506,17.5902,0.87436
-38.6756,-34.2553,18,0.959931,-38.7988,-34.4234,17.7917,0.960182
-40,-33.4115,18,1.0472,-39.9254,-33.2966,18.1368,1.04681
-41.3929,-32.6865,18,1.13446,-41.9981,-33.9455,16.6032,1.13546
-42.8436,-32.0855,18,1.22173,-43.1181,-32.8257,17.2106,1.22201
-31.1458,-42.5016,19,0.349066,-31.8827,-42.7802,18.2123,0.34853
-31.7802,-40.9703,19,0.436332,-32.1032,-41.1189,18.6444,0.436428
-32.5455,-39.5,19,0.523599,-33.2966,-39.9254,18.1368,0.523989
-33.4361,-38.102,19,0.610865,-34.4234,-38.7988,17.7917,0.610614
-34.4452,-36.787,19,0.698132,-35.5286,-37.6934,17.5874,0.698254
-35.565,-35.565,19,0.785398,-36.611,-36.611,17.5206,0.785398
-36.787,-34.4452,19,0.872665,-37.6934,-35.5286,17.5874,0.872542
-38.102,-33.4361,19,0.959931,-38.7988,-34.4234,17.7917,0.960182
-39.5,-32.5455,19,1.0472,-39.9478,-33.2743,18.1449,1.04849
-40.9703,-31.7802,19,1.13446,-41.1189,-32.1032,18.6444,1.13437
-42.5016,-31.1458,19,1.22173,-42.7597,-31.9033,18.1999,1.22082
-30.2061,-42.1596,20,0.349066,-30.8216,-42.4004,19.3393,0.348252
-30.8738,-40.5476,20,0.436332,-32.1032,-41.1189,18.6444,0.436428
-31.6795,-39,20,0.523599,-33.2966,-39.9254,18.1368,0.523989
-32.617,-37.5285,20,0.610865,-32.3614,-37.3613,20.3052,0.610389
-33.6791,-36.1442,20,0.698132,-33.6248,-36.0978,20.0714,0.698165
-34.8579,-34.8579,20,0.785398,-34.8614,-34.8614,19.995,0.785398
-36.1442,-33.6791,20,0.872665,-36.0978,-33.6248,20.0714,0.872632
-37.5285,-32.617,20,0.959931,-37.3613,-32.3614,20.3052,0.960407
-39,-31.6795,20,1.0472,-39.9254,-33.2966,18.1368,1.04681
-40.5476,-30.8738,20,1.13446,-41.1189,-32.1032,18.6444,1.13437
-42.1596,-30.2061,20,1.22173,-42.4004,-30.8216,19.3393,1.22254
-29.2665,-41.8176,21,0.349066,-30.8216,-42.4004,19.3393,0.348252
-29.9675,-40.125,21,0.436332,-29.7098,-40.0129,21.281,0.43599
-30.8135,-38.5,21,0.523599,-31.0733,-38.6496,20.7002,0.523615
-31.7978,-36.9549,21,0.610865,-32.3614,-37.3613,20.3052,0.610389
-32.9131,-35.5015,21,0.698132,-33.6248,-36.0978,20.0714,0.698165
-34.1508,-34.1508,21,0.785398,-34.8614,-34.8614,19.995,0.785398
-35.5015,-32.9131,21,0.872665,-36.0978,-33.6248,20.0714,0.872632
-36.9549,-31.7978,21,0.959931,-37.3613,-32.3614,20.3052,0.960407
-38.5,-30.8135,21,1.0472,-38.6496,-31.0733,20.7002,1.04718
-40.125,-29.9675,21,1.13446,-40.0129,-29.7098,21.281,1.13481
-41.8176,-29.2665,21,1.22173,-42.4004,-30.8216,19.3393,1.22254
-28.3268,-41.4756,22,0.349066,-28.2702,-41.4526,22.061,0.349168
-29.0612,-39.7024,22,0.436332,-29.7098,-40.0129,21.281,0.43599
-29.9474,-38,22,0.523599,-31.0733,-38.6496,20.7002,0.523615
-30.9787,-36.3813,22,0.610865,-32.3869,-37.3357,20.299,0.612144
-32.147,-34.8587,22,0.698132,-33.6248,-36.0978,20.0714,0.698165
-33.4436,-33.4436,22,0.785398,-34.8614,-34.8614,19.995,0.785398
-34.8587,-32.147,22,0.872665,-36.0978,-33.6248,20.0714,0.872632
-36.3813,-30.9787,22,0.959931,-37.3357,-32.3869,20.299,0.958653
-38,-29.9474,22,1.0472,-38.6496,-31.0733,20.7002,1.04718
-39.7024,-29.0612,22,1.13446,-40.0129,-29.7098,21.281,1.13481
-41.4756,-28.3268,22,1.22173,-41.4526,-28.2702,22.061,1.22163
-27.3871,-41.1335,23,0.349066,-28.2702,-41.4526,22.061,0.349168
-28.1549,-39.2798,23,0.436332,-29.7098,-40.0129,21.281,0.43599
-29.0814,-37.5,23,0.523599,-31.0733,-38.6496,20.7002,0.523615
-30.1595,-35.8077,23,0.610865,-32.3614,-37.3613,20.3052,0.610389
-31.381,-34.2159,23,0.698132,-31.0841,-33.9731,23.3835,0.697926
-32.7365,-32.7365,23,0.785398,-32.5285,-32.5285,23.2942,0.785398
-34.2159,-31.381,23,0.872665,-33.9731,-31.0841,23.3835,0.872871
-35.8077,-30.1595,23,0.959931,-37.3613,-32.3614,20.3052,0.960407
-37.5,-29.0814,23,1.0472,-38.6496,-31.0733,20.7002,1.04718
-39.2798,-28.1549,23,1.13446,-40.0129,-29.7098,21.281,1.13481
-41.1335,-27.3871,23,1.22173,-41.4526,-28.2702,22.061,1.22163
-26.4474,-40.7915,24,0.349066,-28.2702,-41.4526,22.061,0.349168
-27.2486,-38.8572,24,0.436332,-29.7098,-40.0129,21.281,0.43599
-28.2154,-37,24,0.523599,-28.1089,-36.9483,24.1181,0.523248
-29.3404,-35.2342,24,0.610865,-29.6409,-35.4164,23.6494,0.611843
-30.6149,-33.5731,24,0.698132,-31.0841,-33.9731,23.3835,0.697926
-32.0294,-32.0294,24,0.785398,-32.5285,-32.5285,23.2942,0.785398
-33.5731,-30.6149,24,0.872665,-33.9731,-31.0841,23.3835,0.872871
-35.2342,-29.3404,24,0.959931,-35.4164,-29.6409,23.6494,0.958954
-37,-28.2154,24,1.0472,-36.9483,-28.1089,24.1181,1.04755
-38.8572,-27.2486,24,1.13446,-40.0129,-29.7098,21.281,1.13481
-40.7915,-26.4474,24,1.22173,-41.4526,-28.2702,22.061,1.22163
-25.5077,-40.4495,25,0.349066,-28.2702,-41.4526,22.061,0.349168
-26.3423,-38.4345,25,0.436332,-26.5182,-38.5388,24.7965,0.435519
-27.3494,-36.5,25,0.523599,-28.1089,-36.9483,24.1181,0.523248
-28.5212,-34.6606,25,0.610865,-29.6114,-35.4458,23.6566,0.610108
-29.8489,-32.9303,25,0.698132,-31.0841,-33.9731,23.3835,0.697926
-31.3223,-31.3223,25,0.785398,-32.5285,-32.5285,23.2942,0.785398
-32.9303,-29.8489,25,0.872665,-33.9731,-31.0841,23.3835,0.872871
-34.6606,-28.5212,25,0.959931,-35.4458,-29.6114,23.6566,0.960688
-36.5,-27.3494,25,1.0472,-36.9483,-28.1089,24.1181,1.04755
-38.4345,-26.3423,25,1.13446,-38.5388,-26.5182,24.7965,1.13528
-40.4495,-25.5077,25,1.22173,-41.4526,-28.2702,22.061,1.22163
-24.568,-40.1075,26,0.349066,-24.8385,-40.2189,25.7077,0.348593
-25.436,-38.0119,26,0.436332,-26.5473,-38.5101,24.7823,0.437063
-26.4833,-36,26,0.523599,-28.1089,-36.9483,24.1181,0.523248
-27.702,-34.087,26,0.610865,-29.6114,-35.4458,23.6566,0.610108
-29.0828,-32.2875,26,0.698132,-31.0841,-33.9731,23.3835,0.697926
-30.6152,-30.6152,26,0.785398,-32.5285,-32.5285,23.2942,0.785398
-32.2875,-29.0828,26,0.872665,-33.9731,-31.0841,23.3835,0.872871
-34.087,-27.702,26,0.959931,-35.4458,-29.6114,23.6566,0.960688
-36,-26.4833,26,1.0472,-36.9483,-28.1089,24.1181,1.04755
-38.0119,-25.436,26,1.13446,-38.5102,-26.5473,24.7823,1.13373
-40.1075,-24.568,26,1.22173,-40.2189,-24.8385,25.7077,1.2222
-23.6283,-39.7655,27,0.349066,-24.8385,-40.2189,25.7077,0.348593
-24.5297,-37.5893,27,0.436332,-26.5182,-38.5388,24.7965,0.435519
-25.6173,-35.5,27,0.523599,-28.1384,-36.9188,24.1073,0.524918
-26.8829,-33.5134,27,0.610865,-29.6409,-35.4164,23.6494,0.611843
-28.3168,-31.6447,27,0.698132,-31.0841,-33.9731,23.3835,0.697926
-29.9081,-29.9081,27,0.785398,-30.9907,-31.0974,25.3936,0.782428
-31.6447,-28.3168,27,0.872665,-33.9731,-31.0841,23.3835,0.872871
-33.5134,-26.8829,27,0.959931,-35.4164,-29.6409,23.6494,0.958954
-35.5,-25.6173,27,1.0472,-36.9188,-28.1384,24.1073,1.04588
-37.5893,-24.5297,27,1.13446,-38.5388,-26.5182,24.7965,1.13528
-39.7655,-23.6283,27,1.22173,-40.2189,-24.8385,25.7077,1.2222
-22.6886,-39.4234,28,0.349066,-24.8681,-40.1891,25.6901,0.350077
-23.6234,-37.1667,28,0.436332,-26.5473,-38.5101,24.7823,0.437063
-24.7513,-35,28,0.523599,-28.1384,-36.9188,24.1073,0.524918
-26.0637,-32.9399,28,0.610865,-25.7974,-32.7278,28.3398,0.611604
-27.5508,-31.0019,28,0.698132,-27.5294,-30.9958,28.0203,0.69781
-29.201,-29.201,28,0.785398,-29.2111,-29.314,27.913,0.782791
-31.0019,-27.5508,28,0.872665,-30.9958,-27.5294,28.0203,0.872986
-32.9399,-26.0637,28,0.959931,-32.7278,-25.7974,28.3398,0.959193
-35,-24.7513,28,1.0472,-35.8334,-26.2547,26.2813,1.04606
-37.1667,-23.6234,28,1.13446,-38.5102,-26.5473,24.7823,1.13373
-39.4234,-22.6886,28,1.22173,-40.1891,-24.8681,25.6901,1.22072
-21.7489,-39.0814,29,0.349066,-24.8385,-40.2189,25.7077,0.348593
-22.7171,-36.7441,29,0.436332,-22.0853,-36.4399,29.7011,0.436623
-23.8853,-34.5,29,0.523599,-23.959,-34.5662,28.903,0.522893
-25.2446,-32.3663,29,0.610865,-25.7615,-32.7639,28.3485,0.609836
-26.7847,-30.3592,29,0.698132,-27.5294,-30.9958,28.0203,0.69781
-28.4939,-28.4939,29,0.785398,-29.2111,-29.314,27.913,0.782791
-30.3592,-26.7847,29,0.872665,-30.9958,-27.5294,28.0203,0.872986
-32.3663,-25.2446,29,0.959931,-32.7639,-25.7615,28.3485,0.960961
-34.5,-23.8853,29,1.0472,-34.5662,-23.959,28.903,1.0479
-36.7441,-22.7171,29,1.13446,-36.4753,-22.0499,29.7183,1.13575
-39.0814,-21.7489,29,1.22173,-40.2189,-24.8385,25.7077,1.2222
-20.8092,-38.7394,30,0.349066,-22.655,-39.4331,28.0282,0.348332
-21.8108,-36.3215,30,0.436332,-22.0853,-36.4399,29.7011,0.436623
-23.0192,-34,30,0.523599,-23.9947,-34.5303,28.8901,0.524584
-24.4254,-31.7927,30,0.610865,-25.7974,-32.7278,28.3398,0.611604
-26.0187,-29.7164,30,0.698132,-27.5636,-30.9618,28.016,0.699522
-27.7868,-27.7868,30,0.785398,-29.2111,-29.314,27.913,0.782791
-29.7164,-26.0187,30,0.872665,-30.9618,-27.5636,28.016,0.871274
-31.7927,-24.4254,30,0.959931,-32.7278,-25.7974,28.3398,0.959193
-34,-23.0192,30,1.0472,-34.5303,-23.9947,28.8901,1.04621
-36.3215,-21.8108,30,1.13446,-36.4399,-22.0853,29.7011,1.13417
-38.7394,-20.8092,30,1.22173,-38.4908,-20.0346,30.813,1.22275
-19.8695,-38.3974,31,0.349066,-20.0701,-38.4551,30.7918,0.349531
-20.9045,-35.8988,31,0.436332,-22.0853,-36.4399,29.7011,0.436623
-22.1532,-33.5,31,0.523599,-23.959,-34.5662,28.903,0.522893
-23.6063,-31.2191,31,0.610865,-25.7974,-32.7278,28.3398,0.611604
-25.2526,-29.0736,31,0.698132,-27.5294,-30.9958,28.0203,0.69781
-27.0797,-27.0797,31,0.785398,-29.2111,-29.314,27.913,0.782791
-29.0736,-25.2526,31,0.872665,-30.9958,-27.5294,28.0203,0.872986
-31.2191,-23.6063,31,0.959931,-32.7278,-25.7974,28.3398,0.959193
-33.5,-22.1532,31,1.0472,-34.5662,-23.959,28.903,1.0479
-35.8988,-20.9045,31,1.13446,-36.4399,-22.0853,29.7011,1.13417
-38.3974,-19.8695,31,1.22173,-38.4551,-20.0701,30.7918,1.22127
-18.9298,-38.0554,32,0.349066,-20.0346,-38.4908,30.813,0.348048
-19.9982,-35.4762,32,0.436332,-22.0853,-36.4399,29.7011,0.436623
-21.2872,-33,32,0.523599,-23.959,-34.5662,28.903,0.522893
-22.7871,-30.6456,32,0.610865,-25.7615,-32.7639,28.3485,0.609836
-24.4866,-28.4308,32,0.698132,-27.5294,-30.9958,28.0203,0.69781
-26.3726,-26.3726,32,0.785398,-29.2111,-29.314,27.913,0.782791
-28.4308,-24.4866,32,0.872665,-30.9958,-27.5294,28.0203,0.872986
-30.6456,-22.7871,32,0.959931,-32.7639,-25.7615,28.3485,0.960961
-33,-21.2872,32,1.0472,-34.5662,-23.959,28.903,1.0479
-35.4762,-19.9981,32,1.13446,-36.4399,-22.0853,29.7011,1.13417
-38.0554,-18.9298,32,1.22173,-38.4908,-20.0346,30.813,1.22275
-17.9901,-37.7133,33,0.349066,-20.0701,-38.4551,30.7918,0.349531
-19.0918,-35.0536,33,0.436332,-22.0853,-36.4399,29.7011,0.436623
-20.4212,-32.5,33,0.523599,-23.9947,-34.5303,28.8901,0.524584
-21.968,-30.072,33,0.610865,-25.7974,-32.7278,28.3398,0.611604
-23.7205,-27.788,33,0.698132,-27.5294,-30.9958,28.0203,0.69781
-25.6655,-25.6655,33,0.785398,-29.2111,-29.314,27.913,0.782791
-27.788,-23.7205,33,0.872665,-30.9958,-27.5294,28.0203,0.872986
-30.072,-21.968,33,0.959931,-32.7278,-25.7974,28.3398,0.959193
-32.5,-20.4212,33,1.0472,-34.5303,-23.9947,28.8901,1.04621
-35.0536,-19.0918,33,1.13446,-36.4399,-22.0853,29.7011,1.13417
-37.7133,-17.9901,33,1.22173,-38.4551,-20.0701,30.7918,1.22127
-17.0505,-37.3713,34,0.349066,-20.0701,-38.4551,30.7918,0.349531
-18.1855,-34.631,34,0.436332,-22.0853,-36.4399,29.7011,0.436623
-19.5551,-32,34,0.523599,-23.959,-34.5662,28.903,0.522893
-21.1488,-29.4984,34,0.610865,-25.7615,-32.7639,28.3485,0.609836
-22.9545,-27.1452,34,0.698132,-22.1984,-26.5285,34.9756,0.697744
-24.9584,-24.9584,34,0.785398,-24.3635,-24.3635,34.8413,0.785398
-27.1452,-22.9545,34,0.872665,-26.5285,-22.1984,34.9756,0.873053
-29.4984,-21.1488,34,0.959931,-30.9747,-23.1958,31.4765,0.961051
-32,-19.5551,34,1.0472,-34.5662,-23.959,28.903,1.0479
-34.631,-18.1855,34,1.13446,-36.4399,-22.0853,29.7011,1.13417
-37.3713,-17.0505,34,1.22173,-38.4551,-20.0701,30.7918,1.22127
-16.1108,-37.0293,35,0.349066,-20.0346,-38.4908,30.813,0.348048
-17.2792,-34.2084,35,0.436332,-22.0853,-36.4399,29.7011,0.436623
-18.6891,-31.5,35,0.523599,-17.7345,-30.9924,36.0805,0.522552
-20.3297,-28.9248,35,0.610865,-19.9895,-28.737,35.3864,0.609698
-22.1884,-26.5024,35,0.698132,-22.1984,-26.5285,34.9756,0.697744
-24.2513,-24.2513,35,0.785398,-24.3635,-24.3635,34.8413,0.785398
-26.5024,-22.1884,35,0.872665,-26.5285,-22.1984,34.9756,0.873053
-28.9248,-20.3297,35,0.959931,-28.737,-19.9895,35.3864,0.961099
-31.5,-18.6891,35,1.0472,-30.9924,-17.7345,36.0805,1.04824
-34.2084,-17.2792,35,1.13446,-36.4399,-22.0853,29.7011,1.13417
-37.0293,-16.1108,35,1.22173,-38.4908,-20.0346,30.813,1.22275
-15.1711,-36.6873,36,0.349066,-20.0701,-38.4551,30.7918,0.349531
-16.3729,-33.7857,36,0.436332,-15.3925,-33.334,37.0794,0.436201
-17.8231,-31,36,0.523599,-17.7787,-30.9483,36.0643,0.524226
-19.5105,-28.3512,36,0.610865,-19.9895,-28.737,35.3864,0.609698
-21.4224,-25.8596,36,0.698132,-22.1984,-26.5285,34.9756,0.697744
-23.5442,-23.5442,36,0.785398,-24.3635,-24.3635,34.8413,0.785398
-25.8596,-21.4224,36,0.872665,-26.5285,-22.1984,34.9756,0.873053
-28.3512,-19.5105,36,0.959931,-28.737,-19.9895,35.3864,0.961099
-31,-17.8231,36,1.0472,-30.9483,-17.7787,36.0643,1.04657
-33.7857,-16.3729,36,1.13446,-33.334,-15.3925,37.0794,1.1346
-36.6873,-15.1711,36,1.22173,-38.4551,-20.0701,30.7918,1.22127
-14.2314,-36.3453,37,0.349066,-16.8718,-37.2978,34.193,0.349299
-15.4666,-33.3631,37,0.436332,-15.3925,-33.334,37.0794,0.436201
-16.9571,-30.5,37,0.523599,-17.7787,-30.9483,36.0643,0.524226
-18.6914,-27.7777,37,0.610865,-20.0317,-28.6957,35.3755,0.611339
-20.6564,-25.2169,37,0.698132,-22.2403,-26.487,34.9702,0.699423
-22.837,-22.837,37,0.785398,-24.3635,-24.3635,34.8413,0.785398
-25.2169,-20.6564,37,0.872665,-26.487,-22.2403,34.9702,0.871373
-27.7777,-18.6914,37,0.959931,-28.6957,-20.0317,35.3755,0.959457
-30.5,-16.9571,37,1.0472,-30.9483,-17.7787,36.0643,1.04657
-33.3631,-15.4666,37,1.13446,-33.334,-15.3925,37.0794,1.1346
-36.3453,-14.2314,37,1.22173,-37.3378,-16.8323,34.2165,1.22299
-13.2917,-36.0032,38,0.349066,-12.8733,-35.8532,38.4444,0.349011
-14.5603,-32.9405,38,0.436332,-15.3925,-33.334,37.0794,0.436201
-16.091,-30,38,0.523599,-17.7345,-30.9924,36.0805,0.522552
-17.8722,-27.2041,38,0.610865,-20.0317,-28.6957,35.3755,0.611339
-19.8903,-24.5741,38,0.698132,-22.1984,-26.5285,34.9756,0.697744
-22.1299,-22.1299,38,0.785398,-24.3635,-24.3635,34.8413,0.785398
-24.5741,-19.8903,38,0.872665,-26.5285,-22.1984,34.9756,0.873053
-27.2041,-17.8722,38,0.959931,-28.6957,-20.0317,35.3755,0.959457
-30,-16.091,38,1.0472,-30.9924,-17.7345,36.0805,1.04824
-32.9405,-14.5603,38,1.13446,-33.334,-15.3925,37.0794,1.1346
-36.0032,-13.2917,38,1.22173,-35.8532,-12.8733,38.4444,1.22179
-12.352,-35.6612,39,0.349066,-12.8733,-35.8532,38.4444,0.349011
-13.654,-32.5179,39,0.436332,-15.3925,-33.334,37.0794,0.436201
-15.225,-29.5,39,0.523599,-17.7345,-30.9924,36.0805,0.522552
-17.0531,-26.6305,39,0.610865,-20.0317,-28.6957,35.3755,0.611339
-19.1243,-23.9313,39,0.698132,-22.1984,-26.5285,34.9756,0.697744
-21.4228,-21.4228,39,0.785398,-24.3635,-24.3635,34.8413,0.785398
-23.9313,-19.1243,39,0.872665,-26.5285,-22.1984,34.9756,0.873053
-26.6305,-17.0531,39,0.959931,-28.6957,-20.0317,35.3755,0.959457
-29.5,-15.225,39,1.0472,-30.9924,-17.7345,36.0805,1.04824
-32.5179,-13.654,39,1.13446,-33.334,-15.3925,37.0794,1.1346
-35.6612,-12.352,39,1.22173,-35.8532,-12.8733,38.4444,1.22179
-11.4123,-35.3192,40,0.349066,-12.8733,-35.8532,38.4444,0.349011
-12.7477,-32.0953,40,0.436332,-15.4364,-33.2906,37.0581,0.437761
-14.359,-29,40,0.523599,-17.7787,-30.9483,36.0643,0.524226
-16.2339,-26.0569,40,0.610865,-19.9895,-28.737,35.3864,0.609698
-18.3582,-23.2885,40,0.698132,-22.1984,-26.5285,34.9756,0.697744
-20.7157,-20.7157,40,0.785398,-24.3635,-24.3635,34.8413,0.785398
-23.2885,-18.3582,40,0.872665,-26.5285,-22.1984,34.9756,0.873053
-26.0569,-16.2339,40,0.959931,-28.737,-19.9895,35.3864,0.961099
-29,-14.359,40,1.0472,-30.9483,-17.7787,36.0643,1.04657
-32.0953,-12.7477,40,1.13446,-33.2906,-15.4364,37.0581,1.13303
-35.3192,-11.4123,40,1.22173,-35.8532,-12.8733,38.4444,1.22179
-10.4726,-34.9772,41,0.349066,-12.8733,-35.8532,38.4444,0.349011
-11.8414,-31.6727,41,0.436332,-15.3925,-33.334,37.0794,0.436201
-13.493,-28.5,41,0.523599,-17.7787,-30.9483,36.0643,0.524226
-15.4148,-25.4834,41,0.610865,-20.0317,-28.6957,35.3755,0.611339
-17.5922,-22.6457,41,0.698132,-22.1984,-26.5285,34.9756,0.697744
-20.0086,-20.0086,41,0.785398,-24.3635,-24.3635,34.8413,0.785398
-22.6457,-17.5922,41,0.872665,-26.5285,-22.1984,34.9756,0.873053
-25.4834,-15.4148,41,0.959931,-28.6957,-20.0317,35.3755,0.959457
-28.5,-13.493,41,1.0472,-30.9483,-17.7787,36.0643,1.04657
-31.6727,-11.8414,41,1.13446,-33.334,-15.3925,37.0794,1.1346
-34.9772,-10.4726,41,1.22173,-35.8532,-12.8733,38.4444,1.22179
-9.53291,-34.6352,42,0.349066,-12.8733,-35.8532,38.4444,0.349011
-10.9351,-31.25,42,0.436332,-15.3925,-33.334,37.0794,0.436201
-12.6269,-28,42,0.523599,-17.7787,-30.9483,36.0643,0.524226
-14.5956,-24.9098,42,0.610865,-20.0317,-28.6957,35.3755,0.611339
-16.8261,-22.0029,42,0.698132,-22.2403,-26.487,34.9702,0.699423
-19.3015,-19.3015,42,0.785398,-24.3635,-24.3635,34.8413,0.785398
-22.0029,-16.8261,42,0.872665,-26.487,-22.2403,34.9702,0.871373
-24.9098,-14.5956,42,0.959931,-28.6957,-20.0317,35.3755,0.959457
-28,-12.6269,42,1.0472,-30.9483,-17.7787,36.0643,1.04657
-31.25,-10.9351,42,1.13446,-33.334,-15.3925,37.0794,1.1346
-34.6352,-9.53291,42,1.22173,-35.8532,-12.8733,38.4444,1.22179
-8.59322,-34.2931,43,0.349066,-12.8733,-35.8532,38.4444,0.349011
-10.0288,-30.8274,43,0.436332,-15.3925,-33.334,37.0794,0.436201
-11.7609,-27.5,43,0.523599,-17.7345,-30.9924,36.0805,0.522552
-13.7765,-24.3362,43,0.610865,-20.0317,-28.6957,35.3755,0.611339
-16.0601,-21.3601,43,0.698132,-22.1984,-26.5285,34.9756,0.697744
-18.5944,-18.5944,43,0.785398,-24.3635,-24.3635,34.8413,0.785398
-21.3601,-16.0601,43,0.872665,-26.5285,-22.1984,34.9756,0.873053
-24.3362,-13.7765,43,0.959931,-28.6957,-20.0317,35.3755,0.959457
-27.5,-11.7609,43,1.0472,-30.9924,-17.7345,36.0805,1.04824
-30.8274,-10.0288,43,1.13446,-33.334,-15.3925,37.0794,1.1346
-34.2931,-8.59322,43,1.22173,-35.8532,-12.8733,38.4444,1.22179
-7.65353,-33.9511,44,0.349066,-12.8733,-35.8532,38.4444,0.349011
-9.12246,-30.4048,44,0.436332,-15.3925,-33.334,37.0794,0.436201
-10.8949,-27,44,0.523599,-17.7787,-30.9483,36.0643,0.524226
-12.9573,-23.7626,44,0.610865,-19.9895,-28.737,35.3864,0.609698
-15.294,-20.7173,44,0.698132,-22.1984,-26.5285,34.9756,0.697744
-17.8873,-17.8873,44,0.785398,-20.8642,-20.8642,39.7901,0.785398
-20.7173,-15.294,44,0.872665,-26.5285,-22.1984,34.9756,0.873053
-23.7626,-12.9573,44,0.959931,-28.6957,-20.0317,35.3755,0.959457
-27,-10.8949,44,1.0472,-30.9483,-17.7787,36.0643,1.04657
-30.4048,-9.12246,44,1.13446,-33.334,-15.3925,37.0794,1.1346
-33.9511,-7.65353,44,1.22173,-35.8097,-12.9173,38.4181,1.22033
-6.71383,-33.6091,45,0.349066,-12.8733,-35.8532,38.4444,0.349011
-8.21615,-29.9822,45,0.436332,-15.4364,-33.2906,37.0581,0.437761
-10.0289,-26.5,45,0.523599,-17.7787,-30.9483,36.0643,0.524226
-12.1382,-23.1891,45,0.610865,-15.8641,-25.8643,40.4135,0.609521
-14.528,-20.0746,45,0.698132,-13.3127,-19.084,46.5677,0.697652
-17.1802,-17.1802,45,0.785398,-16.1985,-16.1985,46.3883,0.785398
-20.0746,-14.528,45,0.872665,-19.084,-13.3127,46.5677,0.873145
-23.1891,-12.1382,45,0.959931,-22.0311,-10.3656,47.1162,0.961378
-26.5,-10.0289,45,1.0472,-30.9483,-17.7787,36.0643,1.04657
-29.9822,-8.21615,45,1.13446,-33.2906,-15.4364,37.0581,1.13303
-33.6091,-6.71383,45,1.22173,-35.8532,-12.8733,38.4444,1.22179
-5.77414,-33.2671,46,0.349066,-12.8733,-35.8532,38.4444,0.349011
-7.30984,-29.5596,46,0.436332,-15.3925,-33.334,37.0794,0.436201
-9.16283,-26,46,0.523599,-13.3392,-28.3887,41.1888,0.524073
-11.319,-22.6155,46,0.610865,-10.4245,-21.9722,47.1017,0.61116
-13.762,-19.4318,46,0.698132,-13.3127,-19.084,46.5677,0.697652
-16.4731,-16.4731,46,0.785398,-16.1985,-16.1985,46.3883,0.785398
-19.4318,-13.762,46,0.872665,-19.084,-13.3127,46.5677,0.873145
-22.6155,-11.319,46,0.959931,-21.9722,-10.4245,47.1017,0.959637
-26,-9.16283,46,1.0472,-28.3887,-13.3392,41.1888,1.04672
-29.5596,-7.30984,46,1.13446,-33.334,-15.3925,37.0794,1.1346
-33.2671,-5.77414,46,1.22173,-35.8532,-12.8733,38.4444,1.22179
-4.83445,-32.9251,47,0.349066,-12.8733,-35.8532,38.4444,0.349011
-6.40353,-29.1369,47,0.436332,-15.3925,-33.334,37.0794,0.436201
-8.29681,-25.5,47,0.523599,-7.41783,-24.9797,48.0214,0.52383
-10.4999,-22.0419,47,0.610865,-10.4245,-21.9722,47.1017,0.61116
-12.9959,-18.789,47,0.698132,-13.3127,-19.084,46.5677,0.697652
-15.766,-15.766,47,0.785398,-16.1985,-16.1985,46.3883,0.785398
-18.789,-12.9959,47,0.872665,-19.084,-13.3127,46.5677,0.873145
-22.0419,-10.4999,47,0.959931,-21.9722,-10.4245,47.1017,0.959637
-25.5,-8.2968,47,1.0472,-24.9797,-7.41783,48.0214,1.04697
-29.1369,-6.40353,47,1.13446,-33.334,-15.3925,37.0794,1.1346
-32.9251,-4.83445,47,1.22173,-35.8532,-12.8733,38.4444,1.22179
-3.89475,-32.583,48,0.349066,-12.9173,-35.8097,38.4181,0.350467
-5.49723,-28.7143,48,0.436332,-4.23612,-28.1614,49.3766,0.435687
-7.43078,-25,48,0.523599,-7.41783,-24.9797,48.0214,0.52383
-9.6807,-21.4683,48,0.610865,-10.4245,-21.9722,47.1017,0.61116
-12.2299,-18.1462,48,0.698132,-13.3671,-19.0304,46.5605,0.699284
-15.0589,-15.0589,48,0.785398,-16.1985,-16.1985,46.3883,0.785398
-18.1462,-12.2299,48,0.872665,-19.0304,-13.3671,46.5605,0.871513
-21.4683,-9.6807,48,0.959931,-21.9722,-10.4245,47.1017,0.959637
-25,-7.43078,48,1.0472,-24.9797,-7.41783,48.0214,1.04697
-28.7143,-5.49722,48,1.13446,-28.1614,-4.23612,49.3766,1.13511
-32.583,-3.89475,48,1.22173,-35.8097,-12.9173,38.4181,1.22033
-2.95506,-32.241,49,0.349066,-0.936943,-31.4597,51.1636,0.349924
-4.59092,-28.2917,49,0.436332,-4.23612,-28.1614,49.3766,0.435687
-6.56475,-24.5,49,0.523599,-7.41783,-24.9797,48.0214,0.52383
-8.86155,-20.8948,49,0.610865,-10.4245,-21.9722,47.1017,0.61116
-11.4638,-17.5034,49,0.698132,-13.3671,-19.0304,46.5605,0.699284
-14.3518,-14.3518,49,0.785398,-16.1985,-16.1985,46.3883,0.785398
-17.5034,-11.4638,49,0.872665,-19.0304,-13.3671,46.5605,0.871513
-20.8948,-8.86155,49,0.959931,-21.9722,-10.4245,47.1017,0.959637
-24.5,-6.56475,49,1.0472,-24.9797,-7.41783,48.0214,1.04697
-28.2917,-4.59092,49,1.13446,-28.1614,-4.23612,49.3766,1.13511
-32.241,-2.95506,49,1.22173,-31.4597,-0.936943,51.1636,1.22087
-2.01537,-31.899,50,0.349066,-0.936943,-31.4597,51.1636,0.349924
-3.68461,-27.8691,50,0.436332,-4.23612,-28.1614,49.3766,0.435687
-5.69873,-24,50,0.523599,-7.36124,-25.0346,48.043,0.522251
-8.0424,-20.3212,50,0.610865,-10.4245,-21.9722,47.1017,0.61116
-10.6978,-16.8606,50,0.698132,-13.3127,-19.084,46.5677,0.697652
-13.6447,-13.6447,50,0.785398,-16.1985,-16.1985,46.3883,0.785398
-16.8606,-10.6978,50,0.872665,-19.084,-13.3127,46.5677,0.873145
-20.3212,-8.0424,50,0.959931,-21.9722,-10.4245,47.1017,0.959637
-24,-5.69873,50,1.0472,-25.0346,-7.36124,48.043,1.04854
-27.8691,-3.68461,50,1.13446,-28.1614,-4.23612,49.3766,1.13511
-31.899,-2.01537,50,1.22173,-31.4597,-0.936943,51.1636,1.22087
